0.001000 0.000000
0.023781 0.023781
0.033870 0.033870
0.038936 0.038936
0.039196 0.039196
0.045025 0.045025
0.052151 0.052151
0.055534 0.055534
0.055536 0.055536
0.059583 0.059583
0.063674 0.063674
0.067464 0.067464
0.064847 0.064847
0.068765 0.068765
0.071410 0.071410
0.079582 0.074608
0.145540 0.121283
0.158879 0.125430
0.198157 0.148618
0.240909 0.164256
0.248869 0.169683
0.285714 0.186335
0.308370 0.192731
0.370690 0.213859
0.370690 0.213859
0.412766 0.221125
0.412766 0.221125
0.464435 0.232218
0.483333 0.226562
0.520661 0.236664
0.553279 0.244094
0.593496 0.254355
0.597561 0.248984
0.611336 0.254723
0.668000 0.263684
0.668000 0.263684
0.706349 0.264881
0.727273 0.266075
0.748031 0.267154
0.773438 0.276228
0.785992 0.274183
0.802326 0.273520
0.810811 0.276413
0.844106 0.281369
0.847909 0.276492
0.890977 0.272748
0.933086 0.279926
0.936803 0.275530
0.955556 0.275641
0.988971 0.279897
1.018248 0.282847
1.029091 0.285859
1.029091 0.285859
1.039855 0.283597
1.078853 0.279014
1.110320 0.282285
1.120567 0.284890
1.127208 0.286578
1.143860 0.285965
1.143860 0.285965
1.166090 0.277640
1.228669 0.279243
1.244898 0.278708
1.248299 0.275360
1.261017 0.278166
1.266892 0.279461
1.297659 0.274153
1.306667 0.276056
1.353135 0.278042
1.368421 0.277383
1.371711 0.274342
1.390164 0.274374
1.405229 0.273746
1.423453 0.273741
1.467742 0.278685
1.467742 0.278685
1.467742 0.278685
1.490385 0.275997
1.493590 0.273218
1.515924 0.273962
1.531646 0.276803
1.556604 0.274695
1.556604 0.274695
1.564263 0.272837
1.602484 0.270082
1.616099 0.269350
1.646154 0.271344
1.659509 0.270572
1.659509 0.270572
1.675841 0.267421
1.699088 0.268277
1.699088 0.268277
1.737952 0.268755
1.737952 0.268755
1.744745 0.269806
1.761194 0.266848
1.770833 0.265625
1.770833 0.265625
1.814706 0.264278
1.826979 0.263507
1.836257 0.264845
1.848397 0.261566
1.848397 0.261566
1.869565 0.259662
1.890490 0.260159
1.911175 0.260615
1.914040 0.258654
1.925714 0.257908
1.934473 0.259081
1.954674 0.259470
1.974648 0.259822
1.974648 0.259822
1.980337 0.258305
1.988796 0.257172
2.000000 0.256410
2.016575 0.254190
2.016575 0.254190
2.027473 0.253434
2.046322 0.253676
2.054348 0.252584
2.065041 0.247805
2.075676 0.247104
2.109920 0.249203
2.130667 0.249687
2.133333 0.248062
2.133333 0.248062
2.143617 0.247340
2.143617 0.247340
2.181579 0.246043
2.191601 0.245328
2.191601 0.245328
2.211488 0.243914
2.211488 0.243914
2.223958 0.241735
2.253230 0.243154
2.253230 0.243154
2.262211 0.244123
2.262211 0.244123
2.261538 0.244051
2.258312 0.243703
2.306533 0.238607
2.306533 0.238607
2.306533 0.238607
2.315789 0.234708
2.322500 0.235389
2.335821 0.235150
2.348148 0.236391
2.348148 0.236391
2.348148 0.236391
2.353808 0.232284
2.378641 0.231686
2.378641 0.231686
2.380145 0.231832
2.383133 0.230626
2.382212 0.230537
2.392857 0.227170
2.408983 0.225842
2.408983 0.225842
2.416471 0.223747
2.430913 0.223704
2.434579 0.224041
2.457077 0.220695
2.457077 0.220695
2.457077 0.220695
2.480460 0.221470
2.480460 0.221470
2.485126 0.220573
2.485126 0.220573
2.484018 0.219178
2.511261 0.216488
2.516854 0.216970
2.520179 0.216015
2.523490 0.216299
2.529018 0.213119
2.534521 0.213583
2.559735 0.210967
2.585903 0.211959
2.585903 0.211959
2.588106 0.210987
2.607456 0.211415
2.617068 0.211054
2.626638 0.210693
2.626638 0.210693
2.628821 0.209746
2.645652 0.208867
2.657267 0.208686
2.673866 0.208896
2.681034 0.209456
2.681034 0.209456
2.688172 0.207848
2.697425 0.207494
2.697425 0.207494
2.714286 0.206672
2.723992 0.207411
2.723992 0.207411
2.723992 0.207411
2.744726 0.204830
2.744726 0.204830
2.756813 0.204714
2.763598 0.203206
2.763598 0.203206
2.766180 0.203396
2.780083 0.202433
2.785124 0.202800
2.785124 0.202800
2.790123 0.201211
2.790123 0.201211
2.808554 0.197785
2.808554 0.197785
2.834008 0.197721
2.840404 0.198168
2.840404 0.198168
2.844758 0.197553
2.851107 0.197081
2.857430 0.196612
2.857430 0.196612
2.870518 0.195717
2.870518 0.195717
2.870775 0.195735
2.871032 0.194866
2.903543 0.191864
2.919608 0.192926
2.919608 0.192926
2.923679 0.193195
2.923679 0.193195
2.925781 0.192486
2.925781 0.192486
2.928016 0.190958
2.949807 0.189090
2.957611 0.188784
2.963462 0.189157
2.969290 0.188726
2.977011 0.188418
2.980880 0.188663
2.982792 0.187991
2.990476 0.187687
2.994307 0.187927
2.994307 0.187927
2.994329 0.186369
2.996226 0.185717
3.020561 0.184932
3.022430 0.184295
3.027985 0.183886
3.035382 0.183592
3.042751 0.183298
3.042751 0.183298
3.051756 0.183105
3.057196 0.181976
3.057196 0.181976
3.060773 0.181469
3.073260 0.180780
3.082117 0.180593
3.082117 0.180593
3.083789 0.180691
3.083485 0.180673
3.083485 0.180673
3.077617 0.179627
3.064516 0.178170
3.072695 0.175249
3.081272 0.175072
3.089947 0.174245
3.096831 0.173979
3.096831 0.173979
3.101933 0.173616
3.131119 0.172672
3.131119 0.172672
3.137871 0.173044
3.142857 0.173319
3.147826 0.172957
3.147826 0.172957
3.152778 0.171970
3.159445 0.171709
3.159445 0.171709
3.177281 0.171436
3.185567 0.170655
3.185567 0.170655
3.185567 0.170655
3.186964 0.170730
3.201365 0.169086
3.206133 0.169338
3.209184 0.169499
3.210526 0.169570
3.209814 0.169532
3.209814 0.169532
3.206081 0.169335
3.210351 0.165482
3.219634 0.165392
3.222591 0.165544
3.222591 0.165544
3.223881 0.165610
3.224793 0.165092
3.225700 0.164577
3.226230 0.163491
3.229133 0.163088
3.235294 0.161765
3.248780 0.162439
3.253247 0.162122
3.256078 0.162263
3.258900 0.161866
3.258900 0.161866
3.260518 0.161412
3.268489 0.160220
3.274038 0.160492
3.274038 0.160492
3.276358 0.159563
3.280702 0.159257
3.281847 0.159313
3.289557 0.158660
3.289557 0.158660
3.289557 0.158660
3.295597 0.157433
3.295597 0.157433
3.309859 0.156125
3.309859 0.156125
3.327103 0.155472
3.327103 0.155472
3.336957 0.155448
3.336957 0.155448
3.336957 0.155448
3.342105 0.154727
3.350309 0.154155
3.352851 0.154272
3.360983 0.153703
3.365031 0.153889
3.365031 0.153889
3.369066 0.153605
3.373089 0.153322
3.376524 0.153015
3.377473 0.153058
3.376900 0.153032
3.374810 0.152937
3.382175 0.150990
3.405405 0.150238
3.405405 0.150238
3.412294 0.150101
3.412294 0.150101
3.413793 0.149728
3.423019 0.149695
3.426866 0.149863
3.438988 0.149089
3.438988 0.149089
3.447251 0.148588
3.447251 0.148588
3.456296 0.148551
3.465288 0.148512
3.465288 0.148512
3.467552 0.148609
3.467552 0.148609
3.469809 0.147861
3.471366 0.147928
3.472914 0.147574
3.471533 0.147516
3.471533 0.147516
3.469477 0.146186
3.484104 0.144769
3.490620 0.144639
3.495677 0.144849
3.495677 0.144849
3.500719 0.144658
3.510029 0.144644
3.510029 0.144644
3.510029 0.144644
3.510730 0.144277
3.510000 0.144247
3.517781 0.142999
3.524823 0.142898
3.531825 0.142796
3.533239 0.142469
3.535311 0.142553
3.535311 0.142553
3.538028 0.141900
3.539326 0.141952
3.538569 0.141921
3.538462 0.141162
3.539106 0.140813
3.544444 0.139545
3.547850 0.139679
3.551247 0.139447
3.565517 0.139278
3.565517 0.139278
3.567493 0.139355
3.568871 0.139047
3.572802 0.138839
3.573388 0.138862
3.573388 0.138862
3.573770 0.138161
3.572988 0.138131
3.578804 0.137294
3.580733 0.137018
3.585927 0.136520
3.587838 0.136593
3.591093 0.136371
3.598923 0.135638
3.602151 0.135759
3.606711 0.135252
3.609920 0.135372
3.618984 0.135037
3.618984 0.135037
3.622163 0.134820
3.631158 0.134487
3.631158 0.134487
3.638778 0.134107
3.638778 0.134107
3.642384 0.134240
3.645503 0.133698
3.645503 0.133698
3.646438 0.133732
3.646904 0.133423
3.654856 0.132743
3.654856 0.132743
3.661438 0.132341
3.662745 0.132070
3.664491 0.132133
3.667969 0.131941
3.669701 0.131688
3.674449 0.131230
3.674449 0.131230
3.675291 0.131260
3.678710 0.130760
3.681701 0.130249
3.687259 0.129529
3.700000 0.129977
3.700000 0.129977
3.703325 0.130093
3.704604 0.129834
3.707535 0.129333
3.707535 0.129333
3.707535 0.129333
3.728426 0.128272
3.735108 0.128207
3.736375 0.127958
3.743038 0.127894
3.743038 0.127894
3.747155 0.128035
3.752837 0.128229
3.752837 0.128229
3.752837 0.128229
3.750943 0.128164
3.750943 0.128164
3.751256 0.127305
3.775561 0.126697
3.775561 0.126697
3.778331 0.126507
3.778331 0.126507
3.778331 0.126507
3.778331 0.126507
3.786600 0.125662
3.794554 0.125647
3.798517 0.125502
3.803704 0.125397
3.803704 0.125397
3.806412 0.125211
3.807645 0.124977
3.812808 0.124331
3.829448 0.124333
3.829448 0.124333
3.837209 0.124585
3.837209 0.124585
3.838631 0.124631
3.838631 0.124631
3.838631 0.124631
3.836386 0.124558
3.831912 0.124144
3.853511 0.122463
3.860943 0.122440
3.867150 0.122637
3.867150 0.122637
3.870929 0.122757
3.870929 0.122757
3.872289 0.122800
3.872289 0.122800
3.876202 0.122406
3.876202 0.122406
3.877551 0.121936
3.885167 0.121665
3.888889 0.121275
3.896305 0.121003
3.896305 0.121003
3.898810 0.121081
3.900000 0.120868
3.903915 0.120989
3.903915 0.120989
3.901775 0.120923
3.901775 0.120923
3.898345 0.120816
