0.000000 0.000000
0.123839 0.061920
0.208877 0.104439
0.248139 0.148883
0.270880 0.180587
0.259179 0.215983
0.294659 0.220994
0.308748 0.240137
0.288925 0.256822
0.291616 0.218712
0.278100 0.231750
0.269990 0.228453
0.273705 0.234604
0.290118 0.235721
0.297463 0.244969
0.309544 0.257954
0.343137 0.261438
0.377929 0.256992
0.381511 0.264123
0.390456 0.274765
0.415800 0.277200
0.418071 0.283210
0.420223 0.288903
0.429564 0.290587
0.436681 0.299439
0.438223 0.304321
0.432952 0.312688
0.436030 0.309811
0.431083 0.317640
0.440150 0.311326
0.435475 0.318640
0.430899 0.325801
0.419371 0.319521
0.408940 0.313837
0.412277 0.311498
0.404858 0.314890
0.402979 0.315375
0.409556 0.315700
0.416146 0.316271
0.412712 0.321915
0.407222 0.307338
0.408627 0.310253
0.405558 0.315434
0.408312 0.313525
0.402443 0.316206
0.384745 0.303746
0.359913 0.285448
0.365519 0.286323
0.361119 0.288896
0.361653 0.281286
0.366817 0.282167
0.371912 0.283097
0.369859 0.287055
0.357235 0.274398
0.363823 0.276710
0.370183 0.278905
0.374719 0.279790
0.377827 0.283371
0.374108 0.285503
0.369406 0.279422
0.370631 0.281492
0.374740 0.282211
0.380385 0.284143
0.391539 0.283528
0.411141 0.282935
0.414576 0.283657
0.412774 0.286769
0.417743 0.288544
0.420918 0.289116
0.425801 0.290894
0.421227 0.289077
0.420712 0.287217
0.416419 0.285544
0.416100 0.283881
0.412888 0.285549
0.410412 0.285009
0.408010 0.284484
0.407181 0.285027
0.409956 0.285505
0.414244 0.287064
0.417041 0.287615
0.417633 0.289131
0.414673 0.290626
0.415866 0.290058
0.417900 0.292530
0.418468 0.293965
0.417026 0.296398
0.416667 0.294715
0.421123 0.294118
0.455803 0.289761
0.480538 0.288323
0.491829 0.288751
0.498198 0.288266
0.496642 0.290489
0.495096 0.292698
0.498144 0.293936
0.504356 0.293443
0.501291 0.294698
0.502768 0.293281
0.501193 0.295346
0.502735 0.295727
0.499780 0.296928
0.502688 0.296382
0.502672 0.297559
0.499785 0.298722
0.501210 0.299018
0.498372 0.300156
0.494206 0.298758
0.492948 0.295769
0.492987 0.296881
0.494364 0.298791
0.494394 0.299878
0.491737 0.300954
0.581633 0.285714
0.602712 0.283777
0.603736 0.282073
0.606656 0.282451
0.610948 0.283480
0.621975 0.283156
0.625000 0.281250
0.624700 0.283518
0.622689 0.283908
0.621529 0.283587
0.618605 0.284605
0.622659 0.285581
0.623038 0.285947
0.620155 0.286937
0.620404 0.287224
0.623003 0.287540
0.626697 0.285068
0.625915 0.285939
0.626755 0.287544
0.626188 0.288494
0.627022 0.290081
0.633564 0.287186
0.638922 0.286863
0.637467 0.288378
0.635570 0.288700
0.634412 0.288369
0.633060 0.289886
0.629821 0.289549
0.629987 0.289794
0.628196 0.290097
0.625839 0.289167
0.624549 0.290632
0.624744 0.290864
0.625000 0.291124
0.624053 0.290821
0.621543 0.291662
0.620847 0.289596
0.619618 0.291003
0.620369 0.292403
0.620642 0.292645
0.620170 0.293456
0.620912 0.294835
0.618497 0.295634
0.615652 0.295281
0.615886 0.295472
0.615004 0.295126
0.614135 0.294785
0.619618 0.293897
0.628019 0.293571
0.636297 0.293250
0.637633 0.294010
0.642160 0.293715
0.649644 0.292340
0.653325 0.292560
0.700104 0.285615
0.715026 0.283247
0.740867 0.281018
0.758446 0.278716
0.780731 0.274086
0.780472 0.275656
0.793873 0.275056
0.808511 0.273322
0.815359 0.272876
0.817292 0.272431
0.824475 0.272661
0.823405 0.272307
0.823339 0.272285
0.823072 0.273817
0.830372 0.273021
0.830372 0.273021
0.830645 0.272581
0.830989 0.273246
0.832865 0.274412
0.831464 0.275553
0.832003 0.276270
0.832537 0.276982
0.831815 0.277272
0.840945 0.275591
0.842750 0.276208
0.845070 0.275430
0.845620 0.274592
0.847114 0.274571
0.847392 0.275208
0.847629 0.276333
0.849582 0.277004
0.850046 0.277692
0.857143 0.276498
0.858914 0.277119
0.858036 0.277376
0.858252 0.278475
0.858942 0.277715
0.861042 0.277464
0.860167 0.277715
0.858877 0.278798
0.856525 0.279042
0.851663 0.278457
0.849591 0.278289
0.849813 0.279350
0.848787 0.279997
0.846306 0.280640
0.841846 0.279649
0.842075 0.280692
0.839645 0.281324
0.835535 0.279940
0.834344 0.280967
0.833155 0.281991
0.831029 0.282209
0.825424 0.281235
0.821057 0.280667
0.803383 0.275523
0.808977 0.272794
0.809233 0.273770
0.808148 0.274744
0.811082 0.275714
0.809944 0.276664
0.811510 0.275807
0.812203 0.276017
0.814503 0.275880
0.813976 0.276124
0.812913 0.277070
0.811530 0.276569
0.811775 0.277508
0.809675 0.278083
0.812105 0.275809
0.812822 0.276029
0.813245 0.276580
0.812690 0.276795
0.813162 0.277358
0.811877 0.276890
0.812265 0.276596
0.812113 0.277795
0.811334 0.278350
0.809313 0.278902
0.806542 0.278759
0.804789 0.278961
0.802064 0.278818
0.799609 0.278337
0.798880 0.278877
0.796939 0.279414
0.790471 0.277928
0.786940 0.277462
0.785318 0.277662
0.783293 0.276874
0.782367 0.277729
0.781444 0.278581
0.780636 0.277794
0.785660 0.277018
0.786406 0.277214
0.785495 0.278051
0.784586 0.278887
0.783025 0.279075
0.781474 0.279262
0.780186 0.279128
0.778406 0.279632
0.772493 0.278233
0.765829 0.276549
0.763206 0.275510
0.762359 0.276314
0.762042 0.276503
0.762567 0.276996
0.761684 0.277778
0.761371 0.277961
0.761884 0.277247
0.763234 0.278035
0.765306 0.277898
0.765815 0.278380
0.764139 0.277673
0.762753 0.277852
0.762404 0.278015
0.759453 0.277615
0.746230 0.273444
0.743394 0.273062
0.742121 0.273249
0.736297 0.271753
0.737642 0.271387
0.736890 0.272130
0.736140 0.272871
0.731942 0.271951
0.730272 0.271589
0.728806 0.272047
0.729313 0.272490
0.728163 0.272686
0.726260 0.272596
0.721512 0.271431
0.721350 0.271613
0.720915 0.272062
0.719502 0.272509
0.710042 0.269526
0.709917 0.269711
0.708552 0.270153
0.707473 0.270335
0.702371 0.268973
0.700658 0.268901
0.699618 0.269084
0.697926 0.269012
0.696247 0.268941
0.695230 0.269121
0.693572 0.269050
0.692211 0.268730
0.692496 0.269407
0.692425 0.269584
0.691786 0.270258
0.690797 0.270432
0.691333 0.270841
0.690665 0.270777
0.689403 0.271196
0.688431 0.271365
0.691557 0.270295
0.693016 0.270709
0.695050 0.270647
0.694395 0.271290
0.691596 0.270741
0.690024 0.270667
0.692216 0.269637
0.692759 0.270044
0.692420 0.270449
0.692690 0.271091
0.692352 0.271493
0.691744 0.272133
0.691948 0.272055
0.692486 0.272453
0.691882 0.273088
0.692150 0.273722
0.694354 0.273402
0.695720 0.273783
0.696539 0.273949
0.695907 0.274564
0.695862 0.274728
0.694665 0.275115
0.695116 0.274793
0.694492 0.275402
0.693006 0.275327
0.692089 0.275475
0.689917 0.274447
0.690730 0.274607
0.689568 0.274986
0.690349 0.275133
0.689742 0.275729
0.687727 0.275425
0.683952 0.273746
0.682822 0.274120
0.682782 0.274266
0.682220 0.274863
0.678838 0.273659
0.677731 0.274028
0.676340 0.273950
0.676552 0.273862
0.677363 0.274017
0.677624 0.274603
0.677337 0.274967
0.676247 0.275329
0.675139 0.275027
0.674598 0.275608
0.674041 0.275526
0.674301 0.276104
0.674283 0.276241
0.673211 0.276597
0.672402 0.276732
0.673180 0.276866
0.672648 0.277437
0.672906 0.278008
0.673422 0.278358
0.675490 0.278051
0.675745 0.278617
0.675215 0.279183
0.674686 0.279748
0.673885 0.279873
0.671517 0.279345
0.670209 0.279254
0.667876 0.278732
0.665822 0.278002
0.664801 0.278342
0.663283 0.277831
0.663034 0.278169
0.662025 0.278507
0.652621 0.274670
0.652133 0.275212
0.650449 0.274932
0.649259 0.274858
0.647118 0.274378
0.646423 0.274508
0.644782 0.274234
0.645280 0.274556
0.646363 0.273883
0.644293 0.273425
0.643150 0.273357
0.642736 0.273289
0.642271 0.273814
0.640477 0.273155
0.640276 0.273481
0.640075 0.273806
0.639874 0.274129
0.638959 0.274452
0.636037 0.273603
0.636103 0.273730
0.635652 0.274244
0.634562 0.274176
0.633924 0.274301
0.633548 0.274233
0.633360 0.274550
0.633173 0.274866
0.632730 0.275374
0.629461 0.274345
0.629538 0.274468
0.629358 0.274781
0.628486 0.275093
0.624249 0.273323
0.623393 0.273634
0.620932 0.272637
0.620509 0.273133
0.618501 0.272330
0.618340 0.272638
0.617505 0.272945
0.617425 0.272691
0.617545 0.272822
0.618315 0.272944
0.617487 0.273248
0.617173 0.273186
0.616349 0.273488
0.615374 0.273426
0.614660 0.273182
0.613846 0.273483
0.607925 0.270916
0.608040 0.271038
0.608551 0.271337
0.608665 0.271458
0.608523 0.271755
0.608778 0.272228
0.607988 0.272524
0.606668 0.272289
0.606393 0.272232
0.606763 0.272175
0.606236 0.272292
0.605964 0.272235
0.605828 0.272527
0.605693 0.272817
0.605306 0.273282
0.602482 0.272355
0.598935 0.271097
0.599673 0.271206
0.599693 0.270991
0.600802 0.271269
0.600569 0.271225
0.600194 0.271680
0.599179 0.271279
0.598951 0.271235
0.599820 0.271687
0.599430 0.272130
0.600173 0.272244
0.601532 0.272357
0.604495 0.271808
0.604367 0.272088
0.604239 0.272368
0.604482 0.272814
0.604947 0.273084
0.605079 0.273202
0.604709 0.273646
0.604213 0.273755
0.601035 0.272372
0.601276 0.272813
0.600550 0.273087
0.597427 0.271721
0.598870 0.271344
0.599707 0.271780
0.599331 0.272206
0.599690 0.272153
0.600167 0.272424
0.599709 0.272541
0.599828 0.272649
0.599118 0.272918
0.595717 0.271421
0.596174 0.271682
0.595033 0.271480
0.595158 0.271588
0.594464 0.271855
0.592520 0.271015
0.592756 0.271438
0.592069 0.271703
0.592434 0.271653
0.592092 0.272073
0.590623 0.271709
0.589163 0.271348
0.588724 0.271454
0.588084 0.270941
0.587414 0.271202
0.586981 0.271308
0.586549 0.271414
0.584131 0.270599
0.583707 0.270705
0.584160 0.270955
0.585753 0.271213
0.586467 0.271325
0.586138 0.271735
0.585809 0.272143
0.583657 0.271183
0.583889 0.271589
0.585832 0.271239
0.591539 0.270592
0.591974 0.270838
0.591563 0.270949
0.592238 0.271052
0.591895 0.271446
0.592035 0.271555
0.591385 0.271806
0.591732 0.271758
0.591632 0.272008
0.594281 0.271515
0.593957 0.271912
0.594723 0.272309
0.594383 0.272698
0.594634 0.272360
0.595074 0.272607
0.594751 0.273001
0.594971 0.273394
0.594327 0.273639
0.593904 0.273736
0.593483 0.273832
0.593601 0.273928
0.593282 0.274319
0.589819 0.272512
0.589942 0.272609
0.590693 0.272996
0.590363 0.273375
0.589873 0.273188
0.590742 0.273139
0.590958 0.273523
0.590862 0.273763
0.590766 0.274002
0.590143 0.274240
0.589427 0.274189
0.589239 0.274138
0.589455 0.274519
0.588837 0.274756
0.587820 0.274560
0.587944 0.274652
0.587330 0.274887
0.588189 0.274835
0.587868 0.275205
0.586877 0.275018
0.587642 0.274681
0.587323 0.275049
0.587674 0.275005
0.587371 0.275378
0.587493 0.275468
0.587191 0.275841
0.586710 0.275646
0.586622 0.275876
0.586021 0.276106
0.585633 0.276194
0.584774 0.275578
0.584688 0.275806
0.584602 0.276034
0.584008 0.276261
0.583738 0.275921
0.585395 0.276015
0.586008 0.276095
0.606922 0.273289
0.618067 0.271890
0.619434 0.272116
0.622716 0.271605
0.623889 0.271471
0.624892 0.271542
0.624569 0.271894
0.626969 0.271654
0.630768 0.271451
0.634003 0.270946
0.637298 0.270680
0.637298 0.270680
0.638454 0.270548
0.639120 0.270416
0.646371 0.269362
0.647517 0.269231
0.648833 0.268969
0.650632 0.268707
0.650632 0.268707
0.652548 0.268782
0.652764 0.268671
0.652569 0.268876
0.652253 0.269230
0.653057 0.269447
0.656489 0.269156
0.656220 0.269045
0.656157 0.269501
0.657135 0.269594
0.658110 0.269686
0.659905 0.269525
0.661830 0.269617
0.661837 0.269708
0.661520 0.270057
0.662482 0.270148
0.662691 0.270038
0.662488 0.270238
0.663333 0.270000
0.663333 0.270000
0.663270 0.270450
0.664605 0.270219
0.664289 0.270090
0.664226 0.270540
0.665083 0.270309
0.664879 0.270508
0.665038 0.270854
0.664567 0.270942
0.666777 0.270775
0.666446 0.271113
0.667406 0.271207
0.666934 0.271295
0.666604 0.271249
0.666150 0.271342
0.666151 0.271430
0.665839 0.271771
0.665061 0.271730
0.665982 0.271810
0.666931 0.271903
0.666605 0.272236
0.668169 0.271821
0.668462 0.272027
0.668938 0.272118
0.668628 0.272456
0.668319 0.272793
0.666928 0.272498
0.665088 0.271830
0.664782 0.272165
0.664020 0.272124
0.663705 0.272078
0.664181 0.272168
0.663728 0.272252
0.663732 0.272335
0.663127 0.272543
0.662667 0.272248
0.662672 0.272331
0.662393 0.272297
0.662246 0.272503
0.661647 0.272709
0.661202 0.272791
0.658975 0.272136
0.658689 0.272097
0.658547 0.272301
0.658405 0.272505
0.658263 0.272709
0.659016 0.272912
0.658707 0.273231
0.659189 0.272952
0.659478 0.273149
0.658916 0.272992
0.658623 0.273315
0.658327 0.273268
0.658352 0.273354
0.658212 0.273554
0.657630 0.273755
0.657225 0.273110
0.657513 0.273303
0.657525 0.273383
0.657825 0.273582
0.657413 0.273666
0.657287 0.273505
0.657437 0.273823
0.656863 0.274020
0.656589 0.273979
0.656602 0.274056
0.656030 0.274253
0.656194 0.274211
0.655894 0.274520
0.655503 0.274246
0.655653 0.274560
0.655951 0.274755
0.655667 0.275069
0.655383 0.275382
0.653837 0.274982
0.652020 0.274467
0.651350 0.274072
0.651797 0.274148
0.651505 0.274453
0.651673 0.274411
0.653414 0.274136
0.652465 0.273984
0.652616 0.273938
0.653481 0.274013
0.654490 0.273973
0.655073 0.273932
0.655814 0.273782
0.655959 0.274088
0.657101 0.273932
0.657795 0.274116
0.658659 0.274197
0.659088 0.274271
0.659649 0.274575
0.659359 0.274872
0.660062 0.275061
0.660346 0.275249
0.660785 0.275327
0.660926 0.275629
0.660792 0.275816
0.661491 0.276003
0.661202 0.276298
0.660258 0.276146
0.660407 0.276102
0.661369 0.276053
0.662216 0.276130
0.663325 0.275973
0.663191 0.276158
0.663454 0.276336
0.663472 0.276412
0.663476 0.276483
0.664576 0.276326
0.665123 0.276622
0.665262 0.276579
0.666354 0.276422
0.666490 0.276718
0.666626 0.277013
0.666354 0.277308
0.666082 0.277602
0.667440 0.277557
0.667155 0.277846
0.667573 0.277581
0.667302 0.277874
0.667032 0.278166
0.666761 0.278121
0.668229 0.277957
0.671720 0.277800
0.675643 0.276929
0.676524 0.276869
0.676253 0.277159
0.676784 0.277449
0.677430 0.277622
0.678488 0.277472
0.679001 0.277428
0.679244 0.277601
0.678958 0.277557
0.679214 0.277734
0.679864 0.277585
0.679581 0.277866
0.679835 0.278042
0.679437 0.278113
0.680523 0.277910
0.680199 0.278173
0.680974 0.278239
0.681760 0.278310
0.681477 0.278589
0.683929 0.278215
0.684281 0.277952
0.684528 0.278126
0.685159 0.277979
0.685784 0.278147
0.686029 0.278321
0.688768 0.277691
0.688714 0.278059
0.690487 0.277908
0.691117 0.278080
0.691357 0.278253
0.691448 0.278209
0.693340 0.277955
0.693695 0.278019
0.696437 0.277649
0.698806 0.277292
0.698922 0.277570
0.699422 0.277847
0.700152 0.277911
0.701250 0.277969
0.702030 0.277671
0.702983 0.277826
0.702701 0.278097
0.703437 0.278165
0.703155 0.278436
0.703562 0.278143
0.704609 0.278185
0.704341 0.278460
0.704453 0.278735
0.704665 0.278898
0.704354 0.278854
0.704436 0.278816
0.705307 0.279089
0.705263 0.279151
0.705375 0.279424
0.704841 0.279591
0.704798 0.279652
0.705549 0.279351
0.706109 0.279501
0.705829 0.279768
0.706161 0.279828
0.706461 0.279578
0.706417 0.279639
0.706527 0.279909
0.705997 0.280074
0.705785 0.279919
0.706129 0.279984
0.705711 0.280044
0.706040 0.280104
0.705887 0.280268
0.706215 0.280327
0.706421 0.280485
0.706639 0.280648
0.707459 0.280608
0.707938 0.280875
0.708250 0.280928
0.709792 0.280882
0.711223 0.280940
0.711556 0.281004
0.712031 0.281269
0.711613 0.281327
0.711931 0.281384
0.711775 0.281545
0.711725 0.281602
0.711464 0.281866
0.710526 0.281716
0.710725 0.281871
0.711095 0.281582
0.710783 0.281824
0.710122 0.281783
0.709450 0.281736
0.709039 0.281793
0.708840 0.281644
0.708689 0.281803
0.708431 0.282064
0.708386 0.282120
0.707871 0.282278
0.707208 0.282231
0.707151 0.282281
0.707120 0.282342
0.707076 0.282397
0.707182 0.282656
0.707138 0.282711
0.707244 0.282970
0.707305 0.282922
0.707411 0.283180
0.707261 0.283336
0.707367 0.283594
0.707218 0.283749
0.707323 0.284006
0.706815 0.284161
0.706253 0.284005
0.706568 0.284058
0.707345 0.284010
0.708489 0.283966
0.708236 0.284222
0.708788 0.284370
0.710741 0.284225
0.714045 0.283773
0.716056 0.283520
0.716256 0.283673
0.716857 0.283425
0.717157 0.283478
0.719526 0.283236
0.719470 0.283289
0.719667 0.283441
0.719162 0.283593
0.719107 0.283646
0.720042 0.283462
0.720200 0.283599
0.720648 0.283849
0.720383 0.284095
0.720075 0.284047
0.719683 0.284104
0.719866 0.284249
0.721157 0.284071
0.720965 0.284207
0.723034 0.283863
0.722783 0.284112
0.722532 0.284360
0.723897 0.284017
0.724781 0.284167
0.724517 0.284409
0.725006 0.284269
0.724600 0.284319
0.725122 0.284463
0.725763 0.284519
0.725501 0.284760
0.726616 0.284388
0.728171 0.284131
0.727909 0.284372
0.728979 0.284329
0.729600 0.284380
0.734476 0.283171
0.734644 0.283314
0.735054 0.282948
0.735017 0.283274
0.735197 0.283421
0.735965 0.283664
0.739837 0.283198
0.741931 0.283043
0.741667 0.283280
0.742905 0.283108
0.742855 0.283427
0.743790 0.283477
0.744485 0.283437
0.744946 0.283356
0.744645 0.283578
0.745087 0.283442
0.744836 0.283683
0.744922 0.283924
0.745381 0.283843
0.746106 0.283688
0.745856 0.283928
0.746276 0.284168
0.746434 0.284308
0.747526 0.284167
0.747542 0.284126
0.747626 0.284365
0.748116 0.284504
0.748047 0.284558
0.748797 0.284796
0.748715 0.284844
0.748466 0.285082
0.748704 0.285126
0.749453 0.284984
0.749714 0.285037
0.750530 0.285175
0.750459 0.285227
0.750542 0.285464
0.750694 0.285601
0.750540 0.285370
0.750951 0.285230
0.751362 0.285465
0.751103 0.285695
0.750538 0.285559
0.750045 0.285700
0.749389 0.285653
0.749390 0.285607
0.749132 0.285836
0.749673 0.285668
0.749473 0.285794
0.749310 0.285934
0.749461 0.286069
0.749706 0.286115
0.749951 0.286161
0.749882 0.286212
0.750033 0.286346
0.749963 0.286397
0.749476 0.286536
0.749072 0.286210
0.748817 0.286436
0.748750 0.286487
0.748265 0.286625
0.747863 0.286670
0.747461 0.286715
0.746098 0.286391
0.745623 0.286160
0.745144 0.286297
0.744508 0.286251
0.743718 0.286021
0.743242 0.286158
0.742849 0.286203
0.742764 0.286244
0.746136 0.285287
0.746072 0.285338
0.746153 0.285565
0.746314 0.285701
0.746001 0.285655
0.746087 0.285520
0.745851 0.285746
0.744834 0.285430
0.744364 0.285566
0.744217 0.285341
0.743982 0.285566
0.743898 0.285606
0.743837 0.285656
0.744312 0.285791
0.744066 0.286010
0.743807 0.285669
0.743760 0.285965
0.742688 0.285746
0.742072 0.285701
0.741990 0.285741
0.741919 0.285786
0.741318 0.285745
0.740959 0.285080
0.741200 0.285125
0.742451 0.285081
0.742209 0.285298
0.742619 0.285171
0.742160 0.285304
0.742399 0.285348
0.742409 0.285305
0.742488 0.285525
0.742030 0.285657
0.741197 0.285525
0.741731 0.285565
0.742662 0.285521
0.743909 0.285482
0.744145 0.285526
0.743917 0.285745
0.743689 0.285964
0.743536 0.285740
0.743477 0.285788
0.743556 0.286006
0.743407 0.286137
0.743485 0.286355
0.743337 0.286485
0.742884 0.286615
0.742024 0.285931
0.741990 0.286222
0.741539 0.286352
0.740797 0.286134
0.740730 0.286177
0.740505 0.286393
0.740438 0.286436
0.740214 0.286652
0.739466 0.286430
0.739110 0.286477
0.739123 0.286433
0.738678 0.286561
0.738692 0.286517
0.738627 0.286560
0.738405 0.286774
0.738551 0.286898
0.738576 0.286858
0.738511 0.286899
0.738148 0.286941
0.738083 0.286983
0.738606 0.287020
0.738851 0.287066
0.738630 0.287278
0.738410 0.287491
0.736590 0.286848
0.736371 0.287060
0.736388 0.287016
0.736169 0.287228
0.735157 0.287013
0.734306 0.286630
0.734167 0.286756
0.733950 0.286967
0.733891 0.287008
0.733674 0.287218
0.733105 0.287174
0.732536 0.287131
0.731754 0.287003
0.731901 0.287123
0.731854 0.287168
0.731425 0.287293
0.729153 0.286578
0.728806 0.286619
0.728406 0.286409
0.728194 0.286617
0.728130 0.286654
0.728087 0.286699
0.728033 0.286739
0.727611 0.286863
0.727347 0.286820
0.727215 0.286944
0.726793 0.287067
0.726032 0.286942
0.726138 0.286816
0.726217 0.287022
0.725798 0.287145
0.725538 0.287102
0.725120 0.287225
0.725149 0.287182
0.724940 0.287387
0.723642 0.286932
0.723434 0.287136
0.722685 0.287011
0.722144 0.286969
0.721810 0.287009
0.721065 0.286885
0.719992 0.286516
0.719457 0.286474
0.719083 0.286270
0.718959 0.286391
0.719039 0.286594
0.719924 0.286552
0.719879 0.286592
0.719675 0.286794
0.719630 0.286834
0.719506 0.286954
0.719099 0.287075
0.718842 0.287029
0.719045 0.286829
0.719125 0.287030
0.719001 0.287150
0.718597 0.287270
0.723817 0.286499
0.724049 0.286539
0.724571 0.286582
0.725361 0.286621
0.725504 0.286736
0.725060 0.286619
0.725569 0.286658
0.730365 0.285976
0.731667 0.285833
0.731626 0.286095
0.732137 0.286139
0.732904 0.286174
0.734262 0.285900
0.734889 0.286098
0.734993 0.286030
0.734833 0.286137
0.734703 0.286255
0.735052 0.286452
0.734839 0.286645
0.735302 0.286503
0.735262 0.286763
0.735975 0.286565
0.736478 0.286607
0.736316 0.286544
0.736613 0.286721
0.736556 0.286759
0.736783 0.286801
0.736378 0.286918
0.736047 0.286957
0.735312 0.286838
0.735487 0.286692
0.735447 0.286950
0.735473 0.286914
0.735071 0.287030
0.734814 0.286990
0.734614 0.287185
0.733885 0.287066
0.733231 0.286869
0.733177 0.286907
0.732977 0.287101
0.732588 0.286901
0.732544 0.286942
0.732617 0.287136
0.732292 0.287173
0.733736 0.287055
0.734223 0.287093
0.734627 0.287204
0.739465 0.286314
0.742104 0.286044
0.748192 0.285293
0.749626 0.285088
0.750104 0.285130
0.750227 0.285241
0.754465 0.284724
0.754898 0.284752
0.755786 0.284384
0.755746 0.284635
0.755685 0.284678
0.755549 0.284792
0.755880 0.284982
0.755975 0.284918
0.755975 0.284918
0.756074 0.285021
0.756404 0.285210
0.757029 0.285146
0.757182 0.285169
0.757425 0.284961
0.758210 0.284958
0.758274 0.284882
0.758867 0.284807
0.759196 0.284731
0.759524 0.284656
0.759283 0.284830
0.760330 0.284793
0.760656 0.284685
0.760445 0.284870
0.760381 0.284912
0.760244 0.285026
0.760360 0.285135
0.760389 0.284850
0.760359 0.285102
0.760485 0.285215
0.760578 0.285151
0.760149 0.285253
0.760265 0.285362
0.759802 0.285254
0.759530 0.285217
0.759457 0.285254
0.759060 0.285367
0.758726 0.285404
0.763885 0.284472
0.764202 0.284366
0.764263 0.284552
0.764386 0.284664
0.763989 0.284776
0.763705 0.284736
0.765169 0.284479
0.767412 0.284227
0.767214 0.284412
0.767532 0.284596
0.767454 0.284634
0.768030 0.284819
0.768953 0.284683
0.769013 0.284609
0.770112 0.284416
0.769904 0.284597
0.771029 0.284415
0.772103 0.284310
0.772418 0.284494
0.772210 0.284674
0.772897 0.284711
0.773642 0.284676
0.773743 0.284498
0.774057 0.284681
0.774418 0.284787
0.774533 0.284897
0.774263 0.284865
0.773868 0.284975
0.773786 0.285012
0.774098 0.285194
0.773891 0.285372
0.773819 0.285413
0.773680 0.285522
0.773795 0.285631
0.773882 0.285569
0.773853 0.285812
0.773967 0.285921
0.774279 0.286102
0.776060 0.285703
0.776116 0.285884
0.776473 0.285989
0.776456 0.285956
0.777018 0.286137
0.776812 0.286314
0.777890 0.285967
0.777890 0.285967
0.777654 0.286132
0.777636 0.286100
0.778420 0.285991
0.778894 0.285955
0.778689 0.286131
0.777832 0.285883
0.778973 0.285632
0.778834 0.285739
0.778889 0.285918
0.778499 0.286025
0.779055 0.285679
0.779386 0.285775
0.785196 0.284599
0.786388 0.284401
0.787407 0.284052
0.788142 0.284049
0.788704 0.284142
0.788623 0.284182
0.788975 0.284289
0.789731 0.284184
0.789536 0.284361
0.789588 0.284538
0.789731 0.284412
0.790042 0.284504
0.790094 0.284681
0.790146 0.284857
0.790198 0.285034
0.790250 0.285210
0.790301 0.285387
0.789912 0.285492
0.789574 0.285528
0.789474 0.285560
0.788759 0.285458
0.788475 0.285423
0.788088 0.285528
0.787612 0.285424
0.787382 0.285319
0.787242 0.285424
0.787049 0.285599
0.786961 0.285634
0.787257 0.285809
0.787055 0.285980
0.787455 0.286014
0.787367 0.286049
0.787044 0.286087
0.785616 0.285634
0.785286 0.285669
0.785252 0.285634
0.784871 0.285739
0.784785 0.285773
0.784404 0.285877
0.784741 0.285977
0.784665 0.286015
0.784475 0.286188
0.784252 0.286084
0.784304 0.286257
0.783925 0.286360
0.783642 0.286321
0.785961 0.285738
0.786253 0.285910
0.786055 0.286079
0.786157 0.286182
0.785840 0.286219
0.785755 0.286253
0.785617 0.286356
0.785669 0.286527
0.785292 0.286629
0.785197 0.286659
0.784506 0.286559
0.783620 0.286387
0.782736 0.286216
0.782644 0.286246
0.782436 0.286147
0.782063 0.286248
0.781051 0.285942
0.780970 0.285976
0.780784 0.286145
0.780138 0.285972
0.779830 0.286009
0.779565 0.285975
0.779196 0.286076
0.781185 0.285569
0.781237 0.285738
0.781289 0.285906
0.781812 0.286075
0.781618 0.286240
0.782018 0.286276
0.782111 0.286374
0.782838 0.286272
0.783226 0.286305
0.783950 0.286204
0.784866 0.286173
0.784672 0.286337
0.785302 0.286374
0.785108 0.286538
0.785503 0.286574
0.785644 0.286603
0.785978 0.286703
0.786362 0.286736
0.786462 0.286835
0.787087 0.286871
0.787842 0.286700
0.788493 0.286513
0.788564 0.286602
0.788380 0.286768
0.788662 0.286934
0.788470 0.287097
0.788077 0.286932
0.788175 0.287031
0.788041 0.287130
0.787908 0.287229
0.787542 0.287328
0.786862 0.287227
0.786365 0.287192
0.785324 0.286959
0.785011 0.286991
0.784567 0.286890
0.784485 0.286923
0.784124 0.287021
0.783782 0.286789
0.783592 0.286949
0.783512 0.286981
0.784098 0.286753
0.783968 0.286851
0.783837 0.286949
0.783887 0.287112
0.784085 0.287078
0.783905 0.287241
0.783955 0.287404
0.783825 0.287502
0.783695 0.287599
0.783516 0.287762
0.784318 0.287530
0.784130 0.287689
0.783751 0.287527
0.785785 0.287166
0.786328 0.287260
0.786758 0.287229
0.786855 0.287326
0.787130 0.287487
0.787502 0.287519
0.787314 0.287677
0.787886 0.287451
0.788387 0.287612
0.790116 0.287315
0.791422 0.287133
0.791244 0.287068
0.791208 0.287281
0.791847 0.287247
0.792213 0.287279
0.793018 0.287162
0.793290 0.287098
0.793628 0.287119
0.793542 0.287150
0.793364 0.287310
0.793325 0.287277
0.793371 0.287437
0.793239 0.287532
0.792883 0.287628
0.792798 0.287658
0.792621 0.287818
0.792740 0.287699
0.792705 0.287910
0.792798 0.288005
0.792722 0.288039
0.792591 0.288134
0.792236 0.288228
0.791398 0.288065
0.790915 0.288031
0.791000 0.288123
0.791148 0.288156
0.791018 0.288251
0.790666 0.288345
0.790361 0.288375
0.789974 0.288213
0.790058 0.288303
0.790429 0.288337
0.790245 0.288491
0.790209 0.288457
0.790570 0.288487
0.790939 0.288520
0.790755 0.288674
0.790995 0.288580
0.790646 0.288673
0.790343 0.288703
0.790086 0.288668
0.789784 0.288698
0.789868 0.288788
0.789613 0.288754
0.789146 0.288723
0.788017 0.288369
0.788110 0.288462
0.788203 0.288554
0.787959 0.288524
0.787660 0.288553
0.786845 0.288393
0.787687 0.288360
0.787390 0.288389
0.787747 0.288419
0.787567 0.288571
0.787278 0.288603
0.786685 0.288444
0.786653 0.288410
0.786357 0.288440
0.785720 0.288343
0.785634 0.288370
0.785441 0.288277
0.785262 0.288428
0.785185 0.288457
0.784437 0.288240
0.784360 0.288269
0.784445 0.288358
0.784538 0.288449
0.784563 0.288357
0.784864 0.288445
0.784842 0.288415
0.784888 0.288568
0.785188 0.288656
0.786710 0.288561
0.787378 0.288469
0.787461 0.288557
0.787552 0.288647
0.787099 0.288617
0.787182 0.288705
0.786944 0.288675
0.786776 0.288827
0.786904 0.288853
0.786881 0.288823
0.786758 0.288913
0.786590 0.289065
0.786513 0.289093
0.786345 0.289245
0.786482 0.289273
0.786146 0.289363
0.785187 0.289145
0.785583 0.289111
0.785666 0.289198
0.786015 0.289226
0.787047 0.289193
0.787183 0.289221
0.787787 0.289188
0.787764 0.289158
0.788102 0.289183
0.789605 0.289091
0.789527 0.289119
0.789827 0.289209
0.789652 0.289356
0.789371 0.289387
0.789338 0.289353
0.789163 0.289500
0.789762 0.289467
0.790114 0.289498
0.790194 0.289583
0.790526 0.289474
0.791002 0.289550
0.792008 0.289380
0.792491 0.289459
0.792709 0.289365
0.792963 0.289514
0.792788 0.289660
0.794097 0.289506
0.794436 0.289533
0.795120 0.289382
0.795198 0.289467
0.794959 0.289437
0.794836 0.289525
0.794670 0.289673
0.794381 0.289701
0.794743 0.289529
0.794387 0.289607
0.794673 0.289692
0.794759 0.289780
0.794844 0.289867
0.794607 0.289837
0.794778 0.289804
0.794820 0.289951
0.794698 0.290039
0.794775 0.290123
0.795483 0.290210
0.795203 0.290240
0.795115 0.290264
0.794542 0.290110
0.793771 0.289960
0.793157 0.289867
0.792382 0.289715
0.792208 0.289425
0.792106 0.289443
0.792355 0.289589
0.792183 0.289733
0.791788 0.289643
0.791462 0.289730
0.790692 0.289578
0.790249 0.289546
0.790959 0.289335
0.791002 0.289481
0.790678 0.289567
0.790117 0.289416
0.790041 0.289443
0.789880 0.289589
0.790205 0.289612
0.790835 0.289524
0.790963 0.289551
0.791082 0.289575
0.791464 0.289545
0.791295 0.289687
0.791829 0.289714
0.791828 0.289490
0.791795 0.289681
0.791930 0.289711
0.792015 0.289796
0.792344 0.289823
0.793121 0.289790
0.792952 0.289931
0.792876 0.289958
0.792688 0.289870
0.793261 0.289837
0.793184 0.289864
0.793065 0.289949
0.792905 0.290092
0.792863 0.290057
0.793071 0.289966
0.793489 0.289878
0.793531 0.290021
0.794100 0.289989
0.793932 0.290129
0.794508 0.290100
0.794915 0.290009
0.794755 0.290152
0.794596 0.290294
0.794511 0.290317
0.794442 0.290346
0.794324 0.290430
0.794005 0.290514
0.793762 0.290479
0.794458 0.290275
0.794699 0.290417
0.794664 0.290385
0.794505 0.290526
0.794428 0.290552
0.795313 0.290346
0.795155 0.290487
0.796199 0.290051
0.796081 0.290134
0.795923 0.290275
0.795996 0.290356
0.796077 0.290439
0.797081 0.290352
0.796923 0.290493
0.797161 0.290634
0.797630 0.290714
0.798314 0.290512
0.798038 0.290537
0.798577 0.290374
0.798545 0.290560
0.798475 0.290588
0.798594 0.290613
0.798279 0.290696
0.798912 0.290549
0.798983 0.290629
0.799102 0.290654
0.799890 0.290565
0.800440 0.290533
0.800566 0.290561
0.800636 0.290641
0.800762 0.290669
0.800801 0.290808
0.800840 0.290947
0.800722 0.291029
0.800408 0.291111
0.800525 0.291136
0.800407 0.291217
0.800485 0.291299
0.800172 0.291381
0.800243 0.291460
0.800164 0.291484
0.800242 0.291281
0.800593 0.291249
0.801216 0.291103
0.801340 0.291131
0.801573 0.291269
0.802063 0.291164
0.802117 0.291237
0.801961 0.291374
0.801805 0.291512
0.801920 0.291537
0.801959 0.291674
0.802192 0.291812
0.802028 0.291947
0.802460 0.291804
0.802498 0.291941
0.802567 0.292019
0.802534 0.291989
0.802455 0.292013
0.802338 0.292094
0.802570 0.292231
0.802407 0.292365
0.802181 0.292335
0.801871 0.292415
0.801638 0.292382
0.801435 0.292290
0.801365 0.292317
0.801403 0.292453
0.801095 0.292533
0.801585 0.292273
0.801662 0.292353
0.802006 0.292320
0.802083 0.292400
0.802434 0.292370
0.803199 0.292282
0.803925 0.292249
0.803763 0.292382
0.804645 0.292129
0.804491 0.292264
0.804596 0.292285
0.804561 0.292255
0.804673 0.292279
0.804557 0.292358
0.804404 0.292493
0.803828 0.292405
0.803895 0.292481
0.803633 0.292507
0.803212 0.292475
0.803324 0.292498
0.803392 0.292574
0.803694 0.292598
0.803660 0.292568
0.803917 0.292644
0.803847 0.292670
0.803921 0.292749
0.803761 0.292880
0.803531 0.292847
0.802549 0.292541
0.802246 0.292619
0.801980 0.292642
0.802047 0.292718
0.802279 0.292578
0.802120 0.292709
0.802194 0.292787
0.801974 0.292757
0.801747 0.292725
0.801633 0.292803
0.801700 0.292878
0.802082 0.292794
0.802006 0.292817
0.801742 0.292840
0.801666 0.292862
0.801516 0.292995
0.800952 0.292908
0.800427 0.292766
0.800539 0.292789
0.800389 0.292921
0.800239 0.293053
0.797295 0.292093
0.796295 0.291845
0.795514 0.291540
0.795442 0.291563
0.795378 0.291589
0.795083 0.291666
0.797380 0.291201
0.798714 0.291063
0.799055 0.291035
0.799350 0.291059
0.799195 0.291187
0.800273 0.290891
0.800015 0.290914
0.800199 0.290831
0.800265 0.290905
0.800382 0.290931
0.800441 0.290886
0.800419 0.291061
0.800676 0.291138
0.800551 0.291093
0.800522 0.291266
0.800822 0.291292
0.800565 0.291315
0.800631 0.291389
0.800557 0.291412
0.799612 0.291117
0.799502 0.291194
0.799356 0.291323
0.798700 0.291134
0.798736 0.291263
0.798803 0.291337
0.799124 0.291188
0.799102 0.291362
0.799030 0.291385
0.799067 0.291514
0.798994 0.291537
0.799089 0.291439
0.799060 0.291611
0.798886 0.291530
0.798734 0.291656
0.798197 0.291575
0.797798 0.291545
0.797286 0.291407
0.797222 0.291432
0.797114 0.291508
0.797006 0.291583
0.797043 0.291712
0.796935 0.291787
0.796647 0.291862
0.795819 0.291674
0.795031 0.291433
0.795179 0.291403
0.795072 0.291478
0.794929 0.291606
0.794144 0.291366
0.793752 0.291336
0.793541 0.291307
0.793256 0.291382
0.793082 0.291300
0.793014 0.291322
0.792909 0.291397
0.792841 0.291420
0.792699 0.291547
0.792631 0.291569
0.792489 0.291696
0.792965 0.291458
0.793255 0.291480
0.793902 0.291502
0.793753 0.291626
0.794866 0.291493
0.796770 0.291258
0.796621 0.291382
0.796694 0.291456
0.798370 0.291271
0.799004 0.291178
0.800320 0.290815
0.800725 0.290882
0.801143 0.290954
0.801775 0.290861
0.803154 0.290397
0.803231 0.290297
0.803449 0.290361
0.803484 0.290486
0.803518 0.290612
0.803553 0.290737
0.803411 0.290863
0.803269 0.290988
0.803925 0.290842
0.804538 0.290856
0.804634 0.290876
0.804880 0.290950
0.804814 0.290975
0.804530 0.291049
0.804633 0.291071
0.804526 0.291145
0.804242 0.291219
0.803711 0.291138
0.805170 0.290839
0.805041 0.290905
0.804758 0.290978
0.804820 0.291049
0.804747 0.291071
0.804365 0.291045
0.804151 0.291016
0.803870 0.291089
0.803622 0.291112
0.803956 0.290915
0.804353 0.290981
0.804206 0.291102
0.804302 0.291011
0.804274 0.291176
0.804551 0.291198
0.804661 0.291222
0.804513 0.291344
0.804342 0.291266
0.804403 0.291337
0.804338 0.291361
0.804399 0.291431
0.804228 0.291354
0.804331 0.291376
0.804399 0.291449
0.805740 0.291164
0.810163 0.290432
0.815062 0.289700
0.815330 0.289723
0.816112 0.289633
0.816594 0.289548
0.816446 0.289668
0.816914 0.289528
0.817180 0.289379
0.817159 0.289543
0.817415 0.289451
0.817387 0.289613
0.818197 0.289474
0.818432 0.289374
0.819385 0.289225
0.819216 0.289337
0.819721 0.289263
0.819609 0.289223
0.820562 0.289186
0.820442 0.289144
0.820442 0.289144
0.820414 0.289306
0.820685 0.289331
0.820537 0.289450
0.820517 0.289262
0.820489 0.289423
0.819996 0.289300
0.820088 0.289322
0.819941 0.289441
0.820745 0.289303
0.820745 0.289303
0.820977 0.289204
0.821962 0.289120
0.822224 0.289143
0.822077 0.289262
0.822137 0.289334
0.822198 0.289406
0.822496 0.289381
0.822349 0.289500
0.822949 0.289411
0.822949 0.289411
0.823388 0.289377
0.823138 0.289399
0.823361 0.289468
0.823628 0.289493
0.823481 0.289611
0.823269 0.289587
0.823299 0.289707
0.823049 0.289730
0.823139 0.289752
0.822860 0.289823
0.823150 0.289796
0.823638 0.289720
0.824721 0.289497
0.824920 0.289618
0.824801 0.289576
0.824774 0.289735
0.828454 0.289125
0.828673 0.289194
0.829490 0.289009
0.829490 0.289009
0.829781 0.288926
0.830314 0.289046
0.832942 0.288617
0.834207 0.288583
0.834759 0.288542
0.835122 0.288603
0.835428 0.288529
0.835685 0.288554
0.835573 0.288515
0.835928 0.288465
0.835795 0.288528
0.836038 0.288439
0.836288 0.288294
0.836321 0.288358
0.836516 0.288477
0.836959 0.288451
0.836707 0.288474
0.837865 0.288240
0.838419 0.288144
0.840139 0.287872
0.840879 0.287783
0.841130 0.287751
0.841177 0.287710
0.841209 0.287773
0.841236 0.287892
0.841455 0.287962
0.841527 0.287982
0.841779 0.288007
0.841632 0.288123
0.841962 0.288005
0.842175 0.287964
0.842590 0.287932
0.842450 0.288050
0.842642 0.288168
0.842496 0.288283
0.842713 0.288353
0.842633 0.288378
0.842680 0.288337
0.842711 0.288400
0.842572 0.288518
0.842598 0.288636
0.842697 0.288500
0.842669 0.288655
0.844643 0.288427
0.849687 0.287619
0.850612 0.287540
0.856560 0.286667
0.857634 0.286533
0.857658 0.286486
0.857870 0.286502
0.858616 0.286369
0.858616 0.286369
0.858477 0.286432
0.859035 0.286345
0.859035 0.286345
0.860226 0.286251
0.860248 0.286205
0.860784 0.286111
0.863228 0.285784
0.863059 0.285891
0.863458 0.285808
0.863875 0.285731
0.865288 0.285551
0.867578 0.285180
0.867578 0.285180
0.867408 0.285287
0.867967 0.285203
0.868152 0.285157
0.868152 0.285157
0.868519 0.285064
0.868725 0.284972
0.868937 0.284881
0.869092 0.284879
0.869438 0.284942
0.870539 0.284718
0.870736 0.284732
0.871454 0.284649
0.871961 0.284603
0.872136 0.284663
0.872367 0.284689
0.872219 0.284803
0.872654 0.284628
0.872674 0.284691
0.872554 0.284651
0.872526 0.284804
0.872567 0.284874
0.872608 0.284943
0.873042 0.284768
0.873013 0.284921
0.874112 0.284700
0.874980 0.284562
0.877074 0.284195
0.878481 0.283921
0.878681 0.283829
0.878659 0.283983
0.879193 0.284005
0.880880 0.283513
0.880935 0.283484
0.881127 0.283551
0.882353 0.283379
0.883022 0.283394
0.883568 0.283312
0.883944 0.283176
0.883916 0.283327
0.884339 0.283155
0.885230 0.282928
0.885202 0.283079
0.886244 0.282953
0.887452 0.282727
0.887460 0.282787
0.887514 0.282811
0.887567 0.282835
0.887809 0.282709
0.888199 0.282529
0.888684 0.282589
0.888436 0.282569
0.890707 0.282129
0.890707 0.282129
0.891235 0.281994
0.891566 0.282057
0.891763 0.282019
0.891593 0.282124
0.892948 0.282059
0.893349 0.281994
0.893903 0.281869
0.894412 0.281779
0.894750 0.281795
0.895478 0.281626
0.895652 0.281581
0.895827 0.281537
0.896666 0.281403
0.897331 0.281314
0.897161 0.281419
0.897374 0.281446
0.897901 0.281363
0.898221 0.281424
0.898612 0.281299
0.898802 0.281211
0.899653 0.281033
0.899669 0.280989
0.899680 0.281051
0.900050 0.281030
0.900440 0.280906
0.900450 0.280968
0.900302 0.281079
0.901407 0.280797
0.901580 0.280910
0.901616 0.280872
0.901619 0.280932
0.901703 0.280871
0.901577 0.280940
0.901757 0.281006
0.901839 0.280885
0.901988 0.280883
0.901841 0.280945
0.901700 0.281058
0.901942 0.280948
0.902797 0.280825
0.902628 0.280929
0.902681 0.280955
0.902711 0.281024
0.902570 0.281136
0.902429 0.281248
0.902319 0.281273
0.902053 0.281297
0.901506 0.281234
0.901530 0.281300
0.901576 0.281324
0.901784 0.281350
0.902350 0.281198
0.902729 0.281180
0.902774 0.281205
0.902634 0.281316
0.902494 0.281428
0.901964 0.281321
0.902134 0.281432
0.901870 0.281457
0.901754 0.281478
0.901821 0.281461
0.901712 0.281485
0.901573 0.281596
0.901979 0.281385
0.902034 0.281316
0.901925 0.281340
0.902094 0.281451
0.901948 0.281560
0.902031 0.281499
0.901892 0.281610
0.901783 0.281634
0.901520 0.281658
0.901543 0.281723
0.901755 0.281645
0.901795 0.281619
0.901518 0.281686
0.901256 0.281710
0.901147 0.281733
0.900886 0.281757
0.899933 0.281565
0.899819 0.281586
0.899719 0.281612
0.899734 0.281723
0.899972 0.281615
0.900233 0.281466
0.900148 0.281449
0.900003 0.281557
0.899766 0.281540
0.899949 0.281606
0.900147 0.281630
0.900506 0.281608
0.900704 0.281632
0.900735 0.281699
0.901289 0.281596
0.901319 0.281662
0.901546 0.281600
0.901728 0.281667
0.901585 0.281774
0.901492 0.281754
0.901711 0.281737
0.901574 0.281846
0.901482 0.281827
0.901238 0.281808
0.901102 0.281917
0.901328 0.281854
0.901237 0.281835
0.901115 0.281901
0.900842 0.281967
0.900938 0.281760
0.901092 0.281818
0.901339 0.281716
0.901354 0.281824
0.901535 0.281890
0.901428 0.281913
0.901443 0.282022
0.901473 0.282087
0.901201 0.282153
0.901140 0.282049
0.901004 0.282157
0.900868 0.282265
0.901409 0.282161
0.901267 0.282267
0.901814 0.282164
0.901678 0.282272
0.901843 0.282380
0.902188 0.282403
0.902232 0.282426
0.902090 0.282532
0.901735 0.282430
0.902285 0.282226
0.903223 0.282154
0.905461 0.281882
0.907068 0.281694
0.908216 0.281551
0.909193 0.281449
0.909213 0.281512
0.909741 0.281352
0.909896 0.281411
0.910092 0.281334
0.909930 0.281432
0.910145 0.281372
0.910496 0.281353
0.910415 0.281236
0.910590 0.281153
0.910563 0.281293
0.910778 0.281176
0.910751 0.281316
0.911269 0.281258
0.911154 0.281222
0.911127 0.281362
0.911065 0.281206
0.911031 0.281344
0.911098 0.281227
0.911078 0.281369
0.910956 0.281434
0.911022 0.281373
0.911068 0.281296
0.911041 0.281436
0.910940 0.281461
0.910818 0.281526
0.910684 0.281632
0.910172 0.281530
0.910346 0.281594
0.910379 0.281559
0.910393 0.281518
0.910251 0.281576
0.910412 0.281682
0.910271 0.281786
0.910183 0.281769
0.910049 0.281875
0.909915 0.281981
0.909808 0.282003
0.909539 0.282068
0.909285 0.282090
0.908763 0.282030
0.907708 0.281804
0.907616 0.281785
0.907629 0.281891
0.907377 0.281913
0.907124 0.281936
0.906872 0.281959
0.906514 0.281857
0.906248 0.281921
0.906157 0.281902
0.905892 0.281966
0.905641 0.281989
0.905550 0.281970
0.905285 0.282034
0.905048 0.282015
0.905236 0.282038
0.905131 0.282060
0.905145 0.282165
0.904881 0.282228
0.904319 0.281881
0.904215 0.281903
0.904098 0.281967
0.904112 0.282071
0.903994 0.282135
0.903731 0.282198
0.903351 0.282179
0.903276 0.282120
0.903014 0.282183
0.903036 0.282244
0.902802 0.282225
0.902706 0.282250
0.902444 0.282313
0.901950 0.282212
0.901689 0.282275
0.901711 0.282336
0.901354 0.282279
0.901253 0.282301
0.901281 0.282364
0.901144 0.282465
0.900948 0.282367
0.900818 0.282471
0.900832 0.282574
0.900716 0.282637
0.900875 0.282741
0.900738 0.282842
0.900500 0.282866
0.900125 0.282847
0.900038 0.282828
0.899909 0.282931
0.899348 0.282628
0.899212 0.282729
0.899262 0.282753
0.899162 0.282774
0.899047 0.282837
0.899062 0.282940
0.898804 0.283002
0.898432 0.282983
0.898189 0.283005
0.897817 0.282986
0.897718 0.283007
0.897732 0.283110
0.897633 0.283132
0.897376 0.283194
0.897557 0.283213
0.897744 0.283235
0.897695 0.283137
0.897710 0.283239
0.897453 0.283301
0.897512 0.283282
0.897384 0.283384
0.897407 0.283444
0.897172 0.283467
0.896803 0.283448
0.896570 0.283427
0.896508 0.283370
0.896523 0.283472
0.896410 0.283534
0.896282 0.283635
0.896199 0.283616
0.896400 0.283597
0.896415 0.283699
0.896430 0.283801
0.896459 0.283862
0.896474 0.283964
0.896645 0.284025
0.896683 0.284044
0.896919 0.283946
0.897075 0.284048
0.896942 0.284147
0.896850 0.284170
0.896738 0.284231
0.896499 0.284252
0.897011 0.284152
0.896913 0.284173
0.896786 0.284274
0.896682 0.284293
0.896620 0.284236
0.896635 0.284337
0.896664 0.284398
0.896552 0.284458
0.896299 0.284519
0.896358 0.284500
0.896225 0.284599
0.896319 0.284501
0.896371 0.284480
0.897197 0.284302
0.897065 0.284401
0.896967 0.284421
0.896996 0.284482
0.896765 0.284505
0.896809 0.284525
0.896677 0.284624
0.896770 0.284526
0.896933 0.284585
0.897026 0.284488
0.897069 0.284508
0.897083 0.284608
0.897098 0.284708
0.896972 0.284809
0.896847 0.284909
0.896610 0.284929
0.895387 0.284591
0.895445 0.284572
0.895320 0.284672
0.895335 0.284771
0.895085 0.284832
0.894990 0.284852
0.894740 0.284912
0.893788 0.284615
0.893657 0.284712
0.893445 0.284695
0.893335 0.284755
0.893226 0.284815
0.893255 0.284875
0.893131 0.284974
0.893007 0.285073
0.892710 0.284896
0.892754 0.284916
0.892908 0.285015
0.892778 0.285112
0.895374 0.284621
0.895665 0.284720
0.896284 0.284660
0.896756 0.284640
0.897662 0.284584
0.898270 0.284565
0.900055 0.284257
0.900785 0.284139
0.900785 0.284139
0.901545 0.283995
0.902018 0.283979
0.901887 0.284075
0.902648 0.284019
0.902957 0.284038
0.903159 0.283929
0.903447 0.283890
0.903907 0.283826
0.904371 0.283808
0.904951 0.283775
0.905239 0.283736
0.905239 0.283736
0.905252 0.283697
0.905122 0.283750
0.905135 0.283848
0.905155 0.283906
0.905792 0.283719
0.909029 0.283021
0.909029 0.283021
0.909004 0.283150
0.909047 0.283173
0.908923 0.283271
0.908799 0.283368
0.909116 0.283297
0.908967 0.283387
0.909004 0.283407
0.909066 0.283299
0.909041 0.283428
0.908948 0.283450
0.908701 0.283509
0.908466 0.283530
0.908367 0.283550
0.908243 0.283647
0.908281 0.283668
0.908293 0.283765
0.908046 0.283824
0.908090 0.283753
0.907960 0.283806
0.907849 0.283864
0.907603 0.283923
0.907498 0.283941
0.907555 0.283925
0.907574 0.283981
0.907618 0.284003
0.907488 0.284099
0.907305 0.283914
0.907040 0.283967
0.907078 0.283987
0.906832 0.284045
0.906729 0.284063
0.905896 0.283853
0.905940 0.283875
0.905818 0.283972
0.905831 0.284068
0.905586 0.284127
0.905489 0.284147
0.905245 0.284205
0.905142 0.284223
0.905680 0.283976
0.906026 0.283882
0.905782 0.283940
0.905429 0.283922
0.905333 0.283942
0.905358 0.284000
0.905371 0.284096
0.905262 0.284154
0.905140 0.284250
0.905160 0.284306
0.905185 0.284364
0.905095 0.284386
0.904852 0.284443
0.904622 0.284463
0.904150 0.284407
0.904170 0.284462
0.903704 0.284408
0.903367 0.284351
0.903387 0.284407
0.903044 0.284391
0.902943 0.284408
0.902854 0.284430
0.903001 0.284525
0.902874 0.284619
0.903034 0.284677
0.902971 0.284622
0.902851 0.284717
0.902502 0.284699
0.902275 0.284718
0.901940 0.284662
0.901966 0.284719
0.901859 0.284777
0.901739 0.284872
0.900920 0.284662
0.900700 0.284683
0.899876 0.284514
0.899412 0.284458
0.897639 0.283987
0.897296 0.283969
0.897072 0.283989
0.896611 0.283934
0.896839 0.283803
0.896985 0.283898
0.896860 0.283990
0.896789 0.283974
0.896670 0.284069
0.896552 0.284163
0.896455 0.284181
0.895788 0.283976
0.895961 0.283995
0.896410 0.283977
0.897091 0.283700
0.897105 0.283794
0.897381 0.283888
0.897574 0.283831
0.897745 0.283851
0.898521 0.283647
0.898706 0.283629
0.899057 0.283451
0.898935 0.283502
0.899218 0.283557
0.899401 0.283540
0.899608 0.283399
0.899643 0.283376
0.899930 0.283432
0.899950 0.283487
0.900131 0.283420
0.900270 0.283471
0.900146 0.283563
0.900061 0.283584
0.900204 0.283678
0.900081 0.283769
0.900126 0.283791
0.900003 0.283882
0.899800 0.283866
0.899813 0.283960
0.899833 0.284014
0.899618 0.284035
0.899930 0.284017
0.900091 0.283986
0.899951 0.284072
0.899977 0.284128
0.900286 0.284061
0.900164 0.284112
0.900307 0.284205
0.900185 0.284296
0.899969 0.284317
0.899062 0.284078
0.898945 0.284171
0.898997 0.284153
0.899446 0.284097
0.899620 0.284118
0.899498 0.284209
0.899413 0.284230
0.899180 0.284285
0.898612 0.284194
0.898277 0.284176
0.897949 0.284120
0.897873 0.284103
0.897912 0.284122
0.897836 0.284104
0.897766 0.284088
0.897915 0.284142
0.897826 0.284161
0.898155 0.284109
0.898194 0.284128
0.899219 0.283889
0.899148 0.283874
0.899045 0.283929
0.898943 0.283985
0.898956 0.284077
0.898725 0.284132
0.898507 0.284151
0.898546 0.284170
0.898590 0.284103
0.898470 0.284152
0.898240 0.284208
0.897461 0.284008
0.897505 0.283941
0.897488 0.284064
0.897386 0.284119
0.897271 0.284210
0.897055 0.284229
0.896521 0.284067
0.896401 0.284156
0.896587 0.284141
0.896467 0.284230
0.896271 0.284214
0.896055 0.284233
0.895968 0.284252
0.895853 0.284343
0.895296 0.284253
0.894526 0.284055
0.894425 0.284110
0.894198 0.284165
0.892863 0.283787
0.892890 0.283842
0.892771 0.283931
0.892691 0.283951
0.892464 0.284006
0.892026 0.283953
0.891700 0.283936
0.891164 0.283811
0.891051 0.283901
0.890966 0.283920
0.891562 0.283794
0.892561 0.283635
0.892574 0.283726
0.892714 0.283816
0.892596 0.283905
0.892529 0.283889
0.892543 0.283979
0.892430 0.284070
0.892318 0.284160
0.891994 0.284143
0.892043 0.284124
0.892089 0.284144
0.892103 0.284234
0.892130 0.284289
0.892012 0.284377
0.891829 0.284324
0.892041 0.284237
0.891943 0.284291
0.891957 0.284381
0.891997 0.284399
0.891885 0.284489
0.891773 0.284579
0.891683 0.284596
0.891710 0.284650
0.891506 0.284670
0.891198 0.284617
0.891100 0.284671
0.891002 0.284725
0.890904 0.284779
0.890939 0.284795
0.891124 0.284779
0.891290 0.284798
0.891880 0.284672
0.891926 0.284692
0.892341 0.284710
0.892224 0.284797
0.892389 0.284816
0.892974 0.284729
0.892863 0.284818
0.892876 0.284907
0.892903 0.284961
0.893205 0.284944
0.893396 0.284891
0.893534 0.284980
0.893325 0.284998
0.894315 0.284803
0.894602 0.284821
0.894623 0.284873
0.894100 0.284751
0.894413 0.284699
0.894453 0.284717
0.894368 0.284735
0.894394 0.284788
0.894278 0.284875
0.895121 0.284671
0.896313 0.284459
0.896449 0.284424
0.896846 0.284354
0.898224 0.284014
0.898404 0.283999
0.898318 0.284017
0.898454 0.284105
0.899399 0.283982
0.899670 0.284035
0.899993 0.283904
0.899966 0.284018
0.900640 0.283920
0.900652 0.283885
0.900652 0.283885
0.900783 0.283933
0.900667 0.284020
0.900709 0.284040
0.900875 0.284021
0.901158 0.284039
0.901462 0.283942
0.902132 0.283850
0.902016 0.283936
0.902079 0.283840
0.902327 0.283886
0.902240 0.283905
0.902129 0.283992
0.902165 0.284010
0.901944 0.284063
0.901735 0.284082
0.901649 0.284100
0.901800 0.284070
0.901802 0.284116
0.901984 0.284064
0.902172 0.284015
0.902062 0.284102
0.902725 0.284003
0.902725 0.284003
0.902873 0.283980
0.904228 0.283723
0.904113 0.283808
0.904669 0.283677
0.904803 0.283642
0.905448 0.283584
0.905714 0.283637
0.905754 0.283657
0.907251 0.283296
0.907661 0.283280
0.908279 0.283367
0.908307 0.283337
0.908451 0.283269
0.908434 0.283385
0.908865 0.283300
0.908749 0.283385
0.908914 0.283323
0.909956 0.283165
0.910600 0.283101
0.910610 0.283113
0.910643 0.283131
0.910818 0.283035
0.911071 0.283001
0.911477 0.282864
0.912003 0.282727
0.912396 0.282670
0.912576 0.282622
0.912465 0.282709
0.912640 0.282613
0.912755 0.282611
0.913259 0.282543
0.913126 0.282623
0.913436 0.282541
0.913823 0.282557
0.913980 0.282577
0.914017 0.282514
0.913995 0.282628
0.914210 0.282397
0.914194 0.282512
0.914078 0.282597
0.914115 0.282617
0.914125 0.282703
0.914015 0.282789
0.914266 0.282875
0.914150 0.282960
0.914067 0.282980
0.913957 0.283066
0.913570 0.282880
0.913580 0.282966
0.913481 0.283018
0.913611 0.283104
0.914007 0.283087
0.913934 0.283073
0.913819 0.283157
0.913626 0.283143
0.913636 0.283228
0.913651 0.283279
0.913698 0.283264
0.913583 0.283348
0.913511 0.283334
0.913526 0.283384
0.913547 0.283436
0.913567 0.283488
0.913707 0.283540
0.913505 0.283559
0.912866 0.283406
0.912566 0.283358
0.912607 0.283342
0.912499 0.283428
0.912421 0.283412
0.912323 0.283463
0.912214 0.283549
0.911573 0.283431
0.910847 0.283213
0.910749 0.283265
0.910878 0.283350
0.910765 0.283434
0.910564 0.283453
0.910370 0.283437
0.910283 0.283455
0.910067 0.283506
0.909430 0.283390
0.908816 0.283206
0.908709 0.283291
0.908505 0.283309
0.908311 0.283293
0.908226 0.283311
0.908011 0.283362
0.907604 0.283279
0.907496 0.283364
0.907293 0.283381
0.906983 0.283366
0.905925 0.283116
0.905515 0.283032
0.905211 0.283018
0.904583 0.282903
0.904382 0.282921
0.903756 0.282805
0.903577 0.282757
0.903471 0.282841
0.903282 0.282826
0.903070 0.282877
0.902869 0.282894
0.901929 0.282680
0.901635 0.282632
0.901424 0.282683
0.901119 0.282667
0.899984 0.282355
0.899774 0.282406
0.898428 0.282027
0.898027 0.281981
0.898074 0.281966
0.897964 0.282048
0.897262 0.281870
0.897158 0.281954
0.897077 0.281972
0.896973 0.282055
0.899225 0.281711
0.899480 0.281762
0.899868 0.281782
0.900506 0.281734
0.901750 0.281543
0.902364 0.281490
0.902519 0.281509
0.902410 0.281591
0.902344 0.281578
0.902240 0.281661
0.902367 0.281744
0.902257 0.281825
0.902776 0.281778
0.903525 0.281731
0.903443 0.281749
0.903833 0.281690
0.904070 0.281736
0.903961 0.281817
0.904098 0.281867
0.904148 0.281854
0.904159 0.281937
0.904066 0.281987
0.903961 0.282070
0.903775 0.282055
0.903928 0.281995
0.904170 0.281963
0.904302 0.281976
0.904105 0.281993
0.904478 0.282009
0.904500 0.282060
0.904773 0.282001
0.904774 0.282045
0.904834 0.281999
0.904730 0.282082
0.904232 0.281970
0.904249 0.282018
0.904167 0.282036
0.904463 0.281957
0.904736 0.281942
0.904872 0.281992
0.905139 0.282011
0.906631 0.281771
0.906783 0.281755
0.906831 0.281742
0.906722 0.281822
0.907166 0.281648
0.907176 0.281730
0.907187 0.281812
0.907094 0.281862
0.907115 0.281912
0.907012 0.281994
0.907022 0.282076
0.906929 0.282125
0.906837 0.282175
0.906847 0.282257
0.906641 0.282307
0.906574 0.282215
0.906466 0.282260
0.906617 0.282200
0.906601 0.282309
0.906866 0.282250
0.906742 0.282325
0.906562 0.282312
0.906572 0.282394
0.906480 0.282443
0.906490 0.282525
0.906533 0.282510
0.906430 0.282592
0.906327 0.282673
0.906731 0.282594
0.906623 0.282674
0.906660 0.282693
0.906557 0.282774
0.906454 0.282856
0.906259 0.282873
0.905999 0.282728
0.906042 0.282713
0.906472 0.282572
0.906364 0.282652
0.906309 0.282606
0.906206 0.282688
0.906125 0.282705
0.906033 0.282754
0.905941 0.282803
0.905737 0.282852
0.905564 0.282805
0.905360 0.282854
0.904972 0.282776
0.904881 0.282825
0.904677 0.282874
0.904382 0.282859
0.904188 0.282876
0.904108 0.282893
0.904006 0.282974
0.902909 0.282672
0.902819 0.282721
0.902616 0.282770
0.902660 0.282755
0.902553 0.282834
0.902479 0.282853
0.902388 0.282902
0.902197 0.282919
0.902011 0.282902
0.901937 0.282921
0.901734 0.282970
0.901666 0.282955
0.901464 0.283004
0.900977 0.282892
0.901015 0.282911
0.901048 0.282928
0.901283 0.283008
0.901092 0.283025
0.901696 0.283010
0.901947 0.283025
0.904273 0.282495
0.904434 0.282412
0.904720 0.282335
0.904619 0.282415
0.904905 0.282296
0.905002 0.282368
0.905134 0.282416
0.905521 0.282370
0.905340 0.282356
0.905488 0.282374
0.905408 0.282391
0.905530 0.282471
0.905910 0.282382
0.906037 0.282394
0.906518 0.282378
0.906665 0.282397
0.907060 0.282320
0.907085 0.282293
0.907086 0.282335
0.907479 0.282216
0.907495 0.282228
0.907752 0.282171
0.907994 0.282108
0.908130 0.282089
0.908025 0.282167
0.907950 0.282186
0.907859 0.282234
0.907769 0.282282
0.908026 0.282266
0.908192 0.282222
0.908217 0.282196
0.908217 0.282196
0.908002 0.282239
0.907952 0.282163
0.907962 0.282242
0.907762 0.282290
0.907793 0.282307
0.907703 0.282355
0.907723 0.282403
0.907618 0.282480
0.907638 0.282528
0.907794 0.282515
0.908180 0.282437
0.908356 0.282363
0.908066 0.282348
0.908332 0.282301
0.908462 0.282349
0.908627 0.282306
0.908527 0.282384
0.908567 0.282370
0.908378 0.282387
0.908189 0.282404
0.908119 0.282390
0.908040 0.282406
0.907950 0.282454
0.907861 0.282502
0.907762 0.282580
0.907802 0.282566
0.908643 0.282427
0.909339 0.282371
0.909712 0.282290
0.910941 0.281927
0.910917 0.282028
0.911074 0.281984
0.911237 0.281940
0.911499 0.281853
0.911285 0.281896
0.911408 0.281942
0.911333 0.281960
0.911343 0.282038
0.911362 0.282086
0.911282 0.282102
0.911292 0.282181
0.911306 0.282226
0.911454 0.282171
0.911241 0.282214
0.911157 0.282229
0.911442 0.282082
0.911442 0.282082
0.913836 0.281715
0.914302 0.281666
0.915012 0.281559
0.915502 0.281443
0.916991 0.281169
0.917233 0.281119
0.917841 0.281016
0.917742 0.281093
0.918098 0.281037
0.918078 0.281139
0.918454 0.281056
0.919114 0.280994
0.919348 0.280933
0.919689 0.280872
0.920123 0.280915
0.920363 0.280889
0.920158 0.280902
0.921092 0.280735
0.921032 0.280693
0.921041 0.280771
0.921049 0.280848
0.921165 0.280926
0.921086 0.280902
0.921083 0.280943
0.921100 0.280990
0.921240 0.280934
0.921472 0.280873
0.921695 0.280843
0.922051 0.280723
0.922051 0.280723
0.922495 0.280703
0.922986 0.280559
0.922897 0.280541
0.923392 0.280407
0.923527 0.280393
0.924096 0.280380
0.924930 0.280146
0.924911 0.280247
0.925047 0.280265
0.925058 0.280311
0.925638 0.280269
0.925534 0.280345
0.925796 0.280262
0.926227 0.280231
0.926563 0.280171
0.926563 0.280171
0.926444 0.280242
0.926567 0.280289
0.926718 0.280248
0.926734 0.280294
0.926630 0.280370
0.926993 0.280286
0.926875 0.280357
0.927032 0.280243
0.926914 0.280314
0.927163 0.280303
0.927064 0.280379
0.927072 0.280456
0.927082 0.280501
0.927425 0.280518
0.927347 0.280537
0.927461 0.280613
0.928708 0.280379
0.928590 0.280449
0.928605 0.280496
0.929065 0.280442
0.929301 0.280395
0.929664 0.280323
0.929687 0.280340
0.929583 0.280415
0.929504 0.280433
0.929746 0.280378
0.929973 0.280318
0.930196 0.280299
0.930018 0.280288
0.930025 0.280364
0.930035 0.280409
0.929959 0.280397
0.930114 0.280326
0.930011 0.280401
0.930132 0.280447
0.930053 0.280465
0.930060 0.280541
0.929864 0.280588
0.930210 0.280533
0.930210 0.280533
0.930210 0.280575
0.930429 0.280651
0.930326 0.280725
0.930171 0.280625
0.930068 0.280700
0.930314 0.280646
0.930309 0.280687
0.930660 0.280633
0.930554 0.280675
0.930561 0.280751
0.930471 0.280797
0.930485 0.280843
0.930387 0.280919
0.930289 0.280995
0.930002 0.280982
0.930012 0.281027
0.929941 0.281015
0.929843 0.281091
0.929655 0.281107
0.929383 0.281035
0.929391 0.281111
0.929195 0.281157
0.928129 0.280907
0.927357 0.280747
0.927081 0.280705
0.927091 0.280749
0.927231 0.280738
0.927134 0.280813
0.926850 0.280800
0.926679 0.280758
0.926485 0.280804
0.926210 0.280762
0.926220 0.280806
0.926144 0.280824
0.925950 0.280870
0.925764 0.280886
0.925505 0.280785
0.925513 0.280860
0.925432 0.280877
0.925239 0.280923
0.925158 0.280939
0.925077 0.280955
0.924884 0.281001
0.924707 0.280988
0.924514 0.281034
0.924645 0.281019
0.924569 0.281037
0.924376 0.281083
0.924203 0.281039
0.924231 0.281057
0.924130 0.281130
0.924159 0.281148
0.924167 0.281223
0.924174 0.281298
0.923982 0.281343
0.924110 0.281359
0.924009 0.281433
0.924045 0.281421
0.924160 0.281465
0.923909 0.281366
0.923917 0.281440
0.923821 0.281515
0.923725 0.281589
0.923190 0.281372
0.923090 0.281445
0.923238 0.281404
0.923137 0.281477
0.922959 0.281495
0.922593 0.281423
0.922604 0.281467
0.922525 0.281483
0.922446 0.281499
0.922172 0.281488
0.921990 0.281504
0.921816 0.281491
0.921728 0.281536
0.921641 0.281581
0.921546 0.281655
0.920992 0.281526
0.921009 0.281571
0.920819 0.281616
0.920830 0.281660
0.920480 0.281561
0.920299 0.281577
0.919739 0.281477
0.919669 0.281464
0.919702 0.281451
0.919719 0.281496
0.919743 0.281512
0.919866 0.281527
0.920215 0.281485
0.920244 0.281502
0.920458 0.281576
0.920712 0.281505
0.920720 0.281579
0.920728 0.281653
0.920634 0.281726
0.920539 0.281800
0.920470 0.281787
0.920370 0.281859
0.921373 0.281673
0.921492 0.281718
0.921725 0.281735
0.922056 0.281751
0.923699 0.281450
0.923600 0.281522
0.923628 0.281539
0.923840 0.281613
0.924615 0.281444
0.924611 0.281483
0.925062 0.281443
0.925274 0.281516
0.925867 0.281303
0.925998 0.281250
0.925998 0.281250
0.925994 0.281289
0.926326 0.281306
0.926227 0.281378
0.926566 0.281326
0.926547 0.281422
0.926596 0.281314
0.926592 0.281352
0.926721 0.281370
0.926641 0.281345
0.926622 0.281441
0.926352 0.281430
0.925897 0.281331
0.925810 0.281376
0.925919 0.281449
0.925941 0.281424
0.925948 0.281396
0.926066 0.281379
0.925972 0.281452
0.925979 0.281525
0.926002 0.281540
0.926009 0.281613
0.925916 0.281686
0.925822 0.281759
0.925548 0.281746
0.925566 0.281760
0.925926 0.281623
0.926028 0.281663
0.926147 0.281677
0.926290 0.281637
0.926297 0.281710
0.926312 0.281754
0.926214 0.281825
0.926229 0.281869
0.926150 0.281885
0.926173 0.281901
0.926020 0.281832
0.926252 0.281819
0.926274 0.281835
0.926382 0.281907
0.926400 0.281922
0.926427 0.281939
0.926434 0.282011
0.926442 0.282083
0.926263 0.282099
0.926381 0.282113
0.926408 0.282130
0.926315 0.282202
0.926221 0.282274
0.926146 0.282260
0.926161 0.282303
0.926283 0.282319
0.926406 0.282334
0.926428 0.282350
0.926455 0.282366
0.926269 0.282410
0.926291 0.282425
0.926198 0.282498
0.926206 0.282570
0.926223 0.282583
0.926595 0.282430
0.926703 0.282502
0.926725 0.282517
0.926627 0.282588
0.926376 0.282520
0.926290 0.282563
0.926105 0.282607
0.925842 0.282565
0.925849 0.282637
0.925859 0.282679
0.925874 0.282723
0.925608 0.282711
0.925431 0.282726
0.925069 0.282685
0.924991 0.282700
0.924899 0.282772
0.924445 0.282702
0.924283 0.282661
0.924191 0.282732
0.924099 0.282804
0.923738 0.282763
0.923661 0.282778
0.923477 0.282821
0.923301 0.282836
0.923124 0.282851
0.922951 0.282837
0.922688 0.282825
0.922329 0.282784
0.921878 0.282715
0.921428 0.282646
0.921094 0.282520
0.920998 0.282590
0.921149 0.282523
0.921156 0.282594
0.921164 0.282665
0.921394 0.282652
0.921298 0.282722
0.921143 0.282682
0.921052 0.282753
0.920961 0.282824
0.920430 0.282699
0.920263 0.282686
0.920172 0.282757
0.920184 0.282799
0.920113 0.282815
0.920436 0.282801
0.920452 0.282844
0.920780 0.282831
0.921127 0.282763
0.921431 0.282834
0.921454 0.282849
0.921359 0.282918
0.921374 0.282961
0.921402 0.282977
0.921311 0.283048
0.921319 0.283119
0.921335 0.283162
0.921346 0.283203
0.921373 0.283219
0.921283 0.283290
0.921192 0.283360
0.920845 0.283291
0.920754 0.283362
0.920584 0.283347
0.920612 0.283364
0.920439 0.283378
0.920450 0.283420
0.920281 0.283436
0.919928 0.283395
0.919664 0.283382
0.919319 0.283313
0.919229 0.283383
0.918249 0.283119
0.917992 0.283107
0.917551 0.283039
0.917379 0.283053
0.916222 0.282764
0.915165 0.282475
0.915084 0.282518
0.914905 0.282560
0.914735 0.282575
0.914476 0.282562
0.913593 0.282357
0.913424 0.282372
0.913686 0.282249
0.914007 0.282235
0.914239 0.282224
0.914146 0.282293
0.914184 0.282281
0.914200 0.282324
0.914225 0.282339
0.914136 0.282408
0.914048 0.282478
0.913971 0.282491
0.913629 0.282453
0.913469 0.282440
0.913389 0.282482
0.913211 0.282524
0.912963 0.282485
0.913068 0.282554
0.912975 0.282622
0.912723 0.282611
0.912294 0.282515
0.912311 0.282557
0.912147 0.282573
0.912076 0.282588
0.912084 0.282657
0.911908 0.282699
0.911749 0.282687
0.911572 0.282729
0.911872 0.282469
0.912112 0.282431
0.912024 0.282500
0.912129 0.282569
0.912150 0.282582
0.912276 0.282598
0.912109 0.282613
0.912121 0.282654
0.912159 0.282642
0.912072 0.282711
0.912080 0.282780
0.911904 0.282822
0.911947 0.282782
0.911855 0.282850
0.911788 0.282866
0.911621 0.282881
0.911455 0.282895
0.911113 0.282855
0.910771 0.282815
0.910784 0.282856
0.910622 0.282872
0.910473 0.282832
0.910395 0.282874
0.910316 0.282915
0.910229 0.282984
0.909278 0.282755
0.908943 0.282687
0.909056 0.282728
0.909191 0.282717
0.909295 0.282786
0.909317 0.282799
0.909069 0.282788
0.909200 0.282775
0.909213 0.282815
0.909343 0.282803
0.909390 0.282764
0.909494 0.282833
0.909529 0.282820
0.909546 0.282862
0.909555 0.282930
0.909381 0.282972
0.909312 0.282986
0.909416 0.283054
0.909437 0.283067
0.909455 0.283109
0.909485 0.283124
0.909398 0.283193
0.909312 0.283261
0.908801 0.283167
0.908555 0.283127
0.908486 0.283141
0.908240 0.283130
0.907817 0.283063
0.907662 0.283051
0.907154 0.282958
0.906827 0.282891
0.906741 0.282959
0.905985 0.282759
0.906223 0.282656
0.906233 0.282665
0.906358 0.282681
0.906290 0.282695
0.906299 0.282763
0.906326 0.282777
0.906344 0.282819
0.906361 0.282860
0.906271 0.282926
0.905685 0.282808
0.905370 0.282716
0.905302 0.282730
0.905131 0.282771
0.905064 0.282785
0.904978 0.282853
0.904907 0.282866
0.904843 0.282881
0.904758 0.282949
0.904597 0.282963
0.904009 0.282844
0.904023 0.282884
0.903790 0.282846
0.903620 0.282887
0.903562 0.282875
0.903571 0.282942
0.903486 0.283010
0.903401 0.283077
0.903249 0.283065
0.903080 0.283105
0.903107 0.283119
0.903031 0.283160
0.902946 0.283228
0.902889 0.283215
0.902719 0.283256
0.902502 0.283164
0.902511 0.283231
0.902435 0.283272
0.902538 0.283339
0.902450 0.283405
0.902387 0.283420
0.902303 0.283487
0.902152 0.283475
0.901983 0.283515
0.901997 0.283554
0.901673 0.283517
0.901607 0.283531
0.901532 0.283571
0.901456 0.283612
0.901381 0.283652
0.901306 0.283693
0.901231 0.283733
0.901063 0.283773
0.900754 0.283681
0.900585 0.283722
0.900529 0.283709
0.900548 0.283750
0.900464 0.283816
0.900473 0.283883
0.900398 0.283924
0.900230 0.283964
0.900165 0.283978
0.900081 0.284045
0.899922 0.284058
0.899512 0.283993
0.899447 0.284006
0.899279 0.284047
0.898870 0.283981
0.898811 0.283967
0.898955 0.283929
0.899467 0.283890
0.899597 0.283878
0.899792 0.283944
0.900136 0.283853
0.900150 0.283891
0.900192 0.283880
0.900117 0.283920
0.900127 0.283987
0.900052 0.284027
0.899885 0.284067
0.899728 0.284081
0.899413 0.284015
0.899422 0.284082
0.899265 0.284095
0.899279 0.284134
0.899237 0.284096
0.899080 0.284110
0.898840 0.284097
0.898781 0.284084
0.899003 0.284071
0.898943 0.284086
0.898860 0.284152
0.898795 0.284166
0.898722 0.284206
0.898639 0.284272
0.898491 0.284259
0.898501 0.284325
0.898344 0.284339
0.898359 0.284377
0.898378 0.284417
0.898235 0.284406
0.898152 0.284472
0.897416 0.284302
0.897178 0.284289
0.897110 0.284301
0.896895 0.284238
0.896910 0.284276
0.897145 0.284239
0.897059 0.284303
0.897077 0.284343
0.896853 0.284305
0.896780 0.284345
0.896615 0.284385
0.896630 0.284423
0.896571 0.284438
0.896489 0.284503
0.896270 0.284438
0.896188 0.284504
0.896198 0.284570
0.896033 0.284609
0.895806 0.284571
0.895641 0.284610
0.895323 0.284571
0.896088 0.284324
0.896464 0.284390
0.896378 0.284454
0.896502 0.284469
0.896415 0.284533
0.896526 0.284572
0.896646 0.284586
0.896674 0.284599
0.896716 0.284588
0.896826 0.284627
0.896740 0.284691
0.896691 0.284680
0.896527 0.284719
0.896464 0.284732
0.896382 0.284798
0.896406 0.284810
0.896832 0.284746
0.896746 0.284810
0.896970 0.284799
0.896985 0.284837
0.897277 0.284876
0.897305 0.284889
0.897525 0.284876
0.897760 0.284778
0.897767 0.284813
0.897867 0.284878
0.897804 0.284891
0.897813 0.284957
0.897832 0.284996
0.897850 0.285035
0.897860 0.285100
0.897787 0.285139
0.897624 0.285178
0.897652 0.285191
0.897489 0.285230
0.897203 0.285053
0.897191 0.285140
0.897209 0.285179
0.897124 0.285242
0.897075 0.285231
0.897003 0.285270
0.897217 0.285256
0.897168 0.285244
0.897177 0.285309
0.897105 0.285348
0.897024 0.285413
0.896871 0.285426
0.895997 0.285180
0.895925 0.285219
0.895763 0.285258
0.895638 0.285194
0.895648 0.285258
0.895486 0.285297
0.895529 0.285257
0.895928 0.285245
0.896431 0.285207
0.896545 0.285219
0.897431 0.285104
0.897472 0.285092
0.897581 0.285131
0.897519 0.285144
0.897447 0.285183
0.897750 0.285169
0.897868 0.285182
0.897899 0.285196
0.897818 0.285260
0.897738 0.285325
0.897712 0.285235
0.897811 0.285299
0.897726 0.285362
0.898130 0.285290
0.898136 0.285325
0.898325 0.285389
0.898263 0.285402
0.898376 0.285414
0.898686 0.285403
0.898893 0.285415
0.898808 0.285478
0.899302 0.285440
0.899629 0.285377
0.899544 0.285440
0.899584 0.285429
0.899513 0.285467
0.899441 0.285506
0.899450 0.285570
0.899576 0.285557
0.899585 0.285621
0.899504 0.285685
0.899513 0.285749
0.899621 0.285787
0.899635 0.285824
0.900149 0.285736
0.900064 0.285799
0.900188 0.285753
0.900194 0.285787
0.900417 0.285749
0.900542 0.285736
0.900461 0.285800
0.900381 0.285864
0.900149 0.285851
0.900086 0.285864
0.900015 0.285902
0.900024 0.285965
0.899863 0.286004
0.899471 0.285940
0.899257 0.285876
0.899173 0.285938
0.899031 0.285926
0.898892 0.285914
0.898901 0.285978
0.898741 0.286016
0.898519 0.285977
0.898359 0.286016
0.898209 0.286028
0.897579 0.285888
0.897269 0.285850
0.897283 0.285887
0.897226 0.285901
0.897066 0.285939
0.897188 0.285925
0.897130 0.285939
0.897051 0.286002
0.897185 0.285964
0.897194 0.286027
0.897035 0.286065
0.897068 0.286051
0.897010 0.286065
0.896931 0.286128
0.896711 0.286090
0.896729 0.286128
0.896650 0.286191
0.896570 0.286254
0.896509 0.286267
0.896351 0.286305
0.896122 0.286292
0.895973 0.286304
0.895823 0.286317
0.895367 0.286203
0.895288 0.286266
0.894990 0.286202
0.894832 0.286240
0.894771 0.286253
0.894692 0.286316
0.894730 0.286303
0.894651 0.286366
0.894572 0.286429
0.894275 0.286365
0.894196 0.286428
0.893890 0.286390
0.893451 0.286225
0.893998 0.286037
0.894697 0.285899
0.894794 0.285962
0.895382 0.285872
0.895410 0.285885
0.895534 0.285872
0.896377 0.285585
0.896878 0.285498
0.897155 0.285534
0.897186 0.285548
0.897283 0.285610
0.897674 0.285572
0.898268 0.285427
0.898290 0.285378
0.898292 0.285411
0.898301 0.285473
0.898231 0.285511
0.898161 0.285548
0.898179 0.285586
0.898209 0.285540
0.898302 0.285573
0.898323 0.285552
0.898416 0.285586
0.898891 0.285515
0.899075 0.285490
0.898980 0.285547
0.899284 0.285477
0.899473 0.285486
0.899413 0.285499
0.899421 0.285561
0.899439 0.285598
0.899535 0.285661
0.899474 0.285673
0.899483 0.285735
0.899500 0.285773
0.899418 0.285834
0.899448 0.285847
0.899370 0.285910
0.899378 0.285972
0.899399 0.285951
0.899405 0.285984
0.899414 0.286046
0.899257 0.286084
0.898892 0.285972
0.898814 0.286034
0.898762 0.286021
0.898684 0.286083
0.898719 0.286071
0.898737 0.286108
0.898581 0.286145
0.898594 0.286181
0.898456 0.286168
0.898243 0.286132
0.898292 0.286069
0.898406 0.286081
0.898519 0.286093
0.898731 0.286082
0.898913 0.286144
0.898940 0.286156
0.898879 0.286169
0.898888 0.286230
0.898819 0.286267
0.898750 0.286304
0.898681 0.286341
0.898525 0.286378
0.898552 0.286391
0.898470 0.286451
0.898422 0.286440
0.898431 0.286501
0.898276 0.286538
0.898129 0.286551
0.897672 0.286464
0.897702 0.286418
0.897535 0.286451
0.897389 0.286463
0.896778 0.286327
0.896555 0.286314
0.895714 0.286105
0.895492 0.286092
0.895124 0.286006
0.894970 0.286043
0.894671 0.286006
0.894526 0.286018
0.894151 0.285956
0.894178 0.285968
0.894097 0.286029
0.893957 0.286042
0.893903 0.286028
0.893845 0.286041
0.893722 0.286005
0.893741 0.286042
0.893587 0.286078
0.893169 0.285893
0.893283 0.285905
0.893414 0.285868
0.893540 0.285857
0.893549 0.285919
0.893558 0.285980
0.893567 0.286041
0.893414 0.286077
0.893280 0.286065
0.893127 0.286102
0.893141 0.286137
0.893254 0.286149
0.893376 0.286137
0.893426 0.286101
0.893349 0.286162
0.893215 0.286150
0.893148 0.286186
0.893071 0.286247
0.892623 0.286162
0.892428 0.286075
0.892370 0.286087
0.892231 0.286100
0.891878 0.285991
0.891982 0.286027
0.891902 0.286087
0.892046 0.286027
0.892140 0.286088
0.892083 0.286100
0.892016 0.286136
0.891940 0.286197
0.891740 0.286136
0.891589 0.286172
0.891143 0.286087
0.890850 0.286050
0.890887 0.286038
0.890915 0.286050
0.890835 0.286110
0.890640 0.286050
0.890489 0.286086
0.890215 0.286001
0.890064 0.286038
0.889923 0.286050
0.889715 0.286013
0.889649 0.286049
0.889574 0.286110
0.889216 0.286025
0.889075 0.286037
0.888108 0.285783
0.888057 0.285770
0.888076 0.285806
0.888095 0.285842
0.888114 0.285878
0.888062 0.285892
0.887921 0.285904
0.888034 0.285916
0.887955 0.285975
0.887744 0.285964
0.887782 0.285952
0.888166 0.285915
0.888087 0.285974
0.888307 0.285939
0.888260 0.285927
0.888369 0.285938
0.888242 0.285927
0.888257 0.285962
0.888046 0.285951
0.887617 0.285843
0.887542 0.285903
0.887748 0.285891
0.887857 0.285901
0.888243 0.285867
0.888169 0.285927
0.888262 0.285986
0.888538 0.285997
0.890712 0.285675
0.890903 0.285686
0.891188 0.285642
0.891098 0.285698
0.891116 0.285733
0.891231 0.285747
0.891268 0.285735
0.891370 0.285770
0.891575 0.285702
0.891937 0.285631
0.892042 0.285614
0.892360 0.285532
0.892723 0.285488
0.892633 0.285542
0.893114 0.285459
0.893480 0.285416
0.893575 0.285423
0.893716 0.285365
0.893912 0.285321
0.893912 0.285321
0.893897 0.285400
0.893929 0.285357
0.893914 0.285436
0.893870 0.285425
0.893813 0.285437
0.893748 0.285473
0.893774 0.285485
0.893792 0.285520
0.893812 0.285500
0.894003 0.285485
0.894023 0.285465
0.894044 0.285418
0.894047 0.285449
0.894056 0.285509
0.893907 0.285544
0.893850 0.285556
0.893859 0.285616
0.893710 0.285651
0.893588 0.285616
0.893606 0.285651
0.893532 0.285711
0.893457 0.285770
0.893169 0.285734
0.892970 0.285674
0.893000 0.285687
0.893018 0.285723
0.893119 0.285758
0.893041 0.285816
0.893879 0.285663
0.893906 0.285675
0.893941 0.285663
0.894032 0.285723
0.894046 0.285757
0.894085 0.285746
0.894007 0.285804
0.893655 0.285721
0.893602 0.285734
0.893455 0.285770
0.893316 0.285782
0.893112 0.285746
0.893129 0.285782
0.892982 0.285817
0.892996 0.285851
0.892861 0.285864
0.892814 0.285852
0.892740 0.285911
0.892646 0.285805
0.892764 0.285793
0.892686 0.285851
0.892487 0.285817
0.892340 0.285852
0.892363 0.285863
0.892484 0.285852
0.892575 0.285911
0.892520 0.285923
0.892611 0.285981
0.892534 0.286039
0.892408 0.286028
0.892344 0.286063
0.892197 0.286099
0.891839 0.286040
0.891572 0.285957
0.891581 0.286016
0.891517 0.286051
0.891370 0.286086
0.891013 0.286028
0.890656 0.285969
0.890236 0.285863
0.890554 0.285758
0.890563 0.285816
0.890654 0.285875
0.890681 0.285886
0.890707 0.285898
0.890716 0.285957
0.890725 0.286015
0.890588 0.286027
0.890461 0.286015
0.890333 0.286003
0.890465 0.285943
0.890522 0.285886
0.890613 0.285944
0.890727 0.285931
0.891011 0.285921
0.891038 0.285932
0.890961 0.285990
0.891091 0.285956
0.891100 0.286014
0.891036 0.286049
0.891054 0.286084
0.891068 0.286118
0.891176 0.286129
0.891332 0.286025
0.891504 0.286083
0.891428 0.286140
0.891386 0.286130
0.891313 0.286188
0.891240 0.286246
0.891185 0.286258
0.891203 0.286292
0.891131 0.286351
0.891058 0.286409
0.890949 0.286350
0.890872 0.286407
0.891088 0.286349
0.891295 0.286314
0.891244 0.286326
0.891172 0.286384
0.891194 0.286394
0.890999 0.286361
0.890863 0.286372
0.890805 0.286382
0.890822 0.286417
0.890840 0.286452
0.890794 0.286440
0.890694 0.286358
0.890724 0.286371
0.890652 0.286429
0.890580 0.286487
0.890228 0.286428
0.889669 0.286277
0.889606 0.286312
0.889543 0.286347
0.889399 0.286381
0.889121 0.286346
0.888995 0.286334
0.888932 0.286369
0.888860 0.286427
0.888089 0.286207
0.887945 0.286241
0.887811 0.286253
0.887605 0.286241
0.887480 0.286229
0.887337 0.286264
0.887060 0.286229
0.886855 0.286217
0.886798 0.286228
0.886825 0.286239
0.886772 0.286250
0.886357 0.286171
0.886241 0.286136
0.886099 0.286170
0.886042 0.286181
0.885770 0.286147
0.885513 0.286067
0.885438 0.286123
0.885398 0.286112
0.885256 0.286147
0.885204 0.286158
0.885062 0.286192
0.884929 0.286204
0.885024 0.286237
0.885320 0.286179
0.885351 0.286192
0.885280 0.286249
0.885289 0.286306
0.885227 0.286341
0.885095 0.286352
0.885048 0.286339
0.884919 0.286351
0.884574 0.286294
0.884371 0.286282
0.884248 0.286271
0.884054 0.286236
0.884064 0.286293
0.884002 0.286328
0.883941 0.286362
0.883800 0.286396
0.883668 0.286407
0.883070 0.286190
0.883079 0.286247
0.883009 0.286304
0.883018 0.286361
0.882966 0.286372
0.883056 0.286429
0.882982 0.286485
0.882863 0.286474
0.882878 0.286507
0.882897 0.286541
0.882849 0.286553
0.882778 0.286610
0.882886 0.286621
0.882812 0.286677
0.882694 0.286666
0.882703 0.286723
0.882651 0.286734
0.882511 0.286768
0.882380 0.286779
0.882179 0.286768
0.881703 0.286641
0.881655 0.286653
0.881525 0.286664
0.881483 0.286653
0.881409 0.286708
0.881450 0.286698
0.881377 0.286753
0.881326 0.286764
0.881354 0.286775
0.881237 0.286765
0.881246 0.286821
0.881106 0.286855
0.880506 0.286662
0.880465 0.286650
0.880411 0.286660
0.880294 0.286650
0.880309 0.286682
0.880663 0.286671
0.881115 0.286614
0.881068 0.286626
0.880998 0.286682
0.881181 0.286692
0.881200 0.286726
0.881083 0.286715
0.881092 0.286772
0.881187 0.286804
0.880921 0.286771
0.880801 0.286760
0.880333 0.286635
0.880362 0.286646
0.880637 0.286582
0.880568 0.286559
0.880554 0.286633
0.880730 0.286667
0.880610 0.286655
0.880991 0.286576
0.882941 0.286317
0.884853 0.286149
0.885196 0.286107
0.886251 0.286070
0.886178 0.286125
0.887052 0.285979
0.887241 0.285938
0.887241 0.285938
0.887241 0.285938
0.887323 0.285968
0.887826 0.285927
0.887986 0.285956
0.888758 0.285826
0.888758 0.285826
0.889089 0.285781
0.889176 0.285759
0.890255 0.285602
0.890751 0.285535
0.891020 0.285446
0.891006 0.285520
0.891507 0.285479
0.891507 0.285479
0.891985 0.285457
0.892173 0.285420
0.892120 0.285432
0.892207 0.285487
0.892572 0.285379
0.892572 0.285379
0.892489 0.285431
0.892505 0.285464
0.892857 0.285402
0.892866 0.285379
0.892872 0.285410
0.892977 0.285368
0.893061 0.285399
0.893560 0.285386
0.893744 0.285399
0.894014 0.285335
0.894003 0.285410
0.893930 0.285465
0.894045 0.285455
0.894063 0.285436
0.894063 0.285436
0.894657 0.285355
0.894821 0.285410
0.895159 0.285369
0.895240 0.285398
0.895190 0.285410
0.895206 0.285444
0.895292 0.285500
0.895219 0.285554
0.895483 0.285514
0.895469 0.285587
0.895591 0.285555
0.895599 0.285611
0.895607 0.285666
0.895849 0.285722
0.895875 0.285681
0.895803 0.285711
0.895734 0.285767
0.895924 0.285703
0.896112 0.285614
0.896098 0.285688
0.896463 0.285581
0.896465 0.285610
0.896575 0.285599
0.896603 0.285611
0.896705 0.285622
0.896900 0.285589
0.896908 0.285644
0.896916 0.285700
0.896928 0.285732
0.896886 0.285722
0.896996 0.285711
0.897020 0.285722
0.896950 0.285777
0.896958 0.285833
0.897239 0.285777
0.897324 0.285833
0.897612 0.285755
0.897551 0.285788
0.897489 0.285822
0.897574 0.285877
0.897598 0.285888
0.897688 0.285920
0.898133 0.285844
0.898061 0.285898
0.898245 0.285858
0.898332 0.285864
0.898363 0.285853
0.898398 0.285843
0.898491 0.285876
0.898600 0.285865
0.898530 0.285921
0.898461 0.285976
0.898284 0.285898
0.898403 0.285813
0.898583 0.285776
0.898610 0.285788
0.898548 0.285821
0.898410 0.285854
0.899025 0.285682
0.899099 0.285681
0.899027 0.285711
0.899112 0.285766
0.899636 0.285667
0.900148 0.285589
0.900347 0.285534
0.900620 0.285502
0.901115 0.285468
0.901683 0.285458
0.902606 0.285316
0.902691 0.285371
0.902946 0.285331
0.903122 0.285265
0.903374 0.285199
0.903470 0.285185
0.903478 0.285240
0.903492 0.285273
0.903500 0.285328
0.903584 0.285383
0.903602 0.285364
0.903606 0.285394
0.904036 0.285288
0.904036 0.285288
0.904117 0.285317
0.904211 0.285299
0.904128 0.285349
0.904386 0.285310
0.904394 0.285288
0.904551 0.285317
0.904985 0.285241
0.905323 0.285179
0.905490 0.285135
0.905418 0.285165
0.905446 0.285126
0.905429 0.285197
0.905385 0.285187
0.905392 0.285242
0.905330 0.285274
0.905261 0.285329
0.905425 0.285361
0.905439 0.285394
0.905464 0.285406
0.905395 0.285460
0.905479 0.285515
0.905406 0.285568
0.905362 0.285558
0.905293 0.285613
0.905604 0.285398
0.905608 0.285428
0.905623 0.285461
0.905554 0.285515
0.905485 0.285569
0.905496 0.285601
0.905092 0.285526
0.904788 0.285362
0.904892 0.285323
0.904879 0.285395
0.905056 0.285407
0.905078 0.285418
0.905005 0.285471
0.905190 0.285461
0.905294 0.285450
0.905226 0.285505
0.905095 0.285516
0.905135 0.285460
0.905160 0.285472
0.905091 0.285527
0.905175 0.285581
0.905102 0.285634
0.905127 0.285646
0.905055 0.285699
0.904929 0.285711
0.904903 0.285635
0.904925 0.285646
0.904853 0.285699
0.904802 0.285711
0.904665 0.285744
0.904611 0.285754
0.904474 0.285787
0.904351 0.285776
0.904222 0.285787
0.903818 0.285711
0.903851 0.285649
0.903840 0.285722
0.903704 0.285754
0.903581 0.285743
0.903323 0.285689
0.903255 0.285743
0.903359 0.285733
0.903389 0.285722
0.903479 0.285754
0.903659 0.285743
0.903605 0.285754
0.903537 0.285808
0.903559 0.285819
0.903491 0.285873
0.903422 0.285927
0.903021 0.285851
0.902695 0.285776
0.902635 0.285808
0.902567 0.285862
0.902445 0.285851
0.902309 0.285883
0.902203 0.285829
0.902286 0.285883
0.902214 0.285936
0.902021 0.285926
0.902905 0.285614
0.902988 0.285668
0.902917 0.285721
0.902949 0.285711
0.902878 0.285764
0.902918 0.285733
0.902857 0.285765
0.902872 0.285797
0.902801 0.285849
0.902676 0.285861
0.902623 0.285872
0.902555 0.285925
0.902502 0.285936
0.902367 0.285968
0.902239 0.285979
0.901638 0.285839
0.901510 0.285850
0.901383 0.285861
0.901135 0.285786
0.901000 0.285818
0.900809 0.285785
0.900917 0.285775
0.900865 0.285786
0.900730 0.285818
0.900603 0.285829
0.900274 0.285775
0.899878 0.285700
0.899684 0.285690
0.899356 0.285636
0.899796 0.285307
0.900523 0.285210
0.900708 0.285178
0.902245 0.284865
0.902571 0.284780
0.902728 0.284787
0.904712 0.284453
0.904791 0.284482
0.904876 0.284512
0.905038 0.284544
0.905214 0.284506
0.905511 0.284534
0.905761 0.284496
0.906456 0.284412
0.906463 0.284391
0.906541 0.284420
0.906470 0.284472
0.906572 0.284434
0.906650 0.284462
0.906903 0.284402
0.906758 0.284431
0.907099 0.284329
0.907187 0.284287
0.907880 0.284203
0.908506 0.284098
0.909111 0.284056
0.909111 0.284056
0.909575 0.283993
0.909575 0.284020
0.909672 0.284032
0.909837 0.284014
0.909917 0.283993
0.910165 0.283910
0.910169 0.283938
0.910249 0.283991
0.910346 0.283952
0.910420 0.283980
0.910433 0.284012
0.910909 0.283953
0.911019 0.283850
0.911324 0.283807
0.911311 0.283876
0.911514 0.283784
0.911530 0.283794
0.911711 0.283735
0.911711 0.283735
0.911787 0.283764
0.912044 0.283683
0.912518 0.283579
0.912438 0.283627
0.912611 0.283590
0.912598 0.283659
0.912844 0.283649
0.912806 0.283620
0.912826 0.283631
0.912979 0.283683
0.912998 0.283694
0.913088 0.283676
0.913008 0.283725
0.913104 0.283737
0.913127 0.283698
0.913513 0.283636
0.913513 0.283636
0.913593 0.283615
0.913528 0.283623
0.913461 0.283675
0.913407 0.283686
0.913340 0.283739
0.913145 0.283729
0.913438 0.283552
0.913614 0.283543
0.913639 0.283533
0.913505 0.283565
0.913604 0.283555
0.913543 0.283587
0.913476 0.283639
0.913282 0.283629
0.913167 0.283599
0.913113 0.283610
0.913119 0.283662
0.913059 0.283694
0.912992 0.283746
0.912544 0.283612
0.912728 0.283560
0.912818 0.283543
0.913227 0.283425
0.913405 0.283395
0.913490 0.283427
0.913601 0.283375
0.913848 0.283367
0.913855 0.283419
0.913947 0.283430
0.913877 0.283481
0.913905 0.283472
0.913845 0.283504
0.913712 0.283535
0.913730 0.283546
0.913816 0.283578
0.913746 0.283629
0.913737 0.283468
0.913727 0.283538
0.913657 0.283589
0.913669 0.283620
0.913847 0.283563
0.913767 0.283611
0.913735 0.283561
0.913764 0.283502
0.913751 0.283570
0.913764 0.283602
0.914250 0.283510
0.914202 0.283500
0.914151 0.283512
0.914085 0.283564
0.914318 0.283574
0.914195 0.283586
0.914220 0.283576
0.914167 0.283559
0.914229 0.283606
0.914251 0.283618
0.914181 0.283669
0.914194 0.283700
0.914948 0.283445
0.915130 0.283394
0.915370 0.283356
0.916123 0.283281
0.916530 0.283211
0.916461 0.283262
0.916627 0.283274
0.916557 0.283324
0.916584 0.283316
0.916973 0.283285
0.917129 0.283316
0.917984 0.283156
0.918135 0.283136
0.918055 0.283184
0.918361 0.283195
0.918531 0.283158
0.918759 0.283117
0.918774 0.283077
0.919058 0.283103
0.919142 0.283135
0.919318 0.283106
0.919486 0.283096
0.919491 0.283148
0.919497 0.283199
0.919503 0.283251
0.919509 0.283303
0.919443 0.283354
0.919592 0.283406
0.919523 0.283457
0.919468 0.283467
0.919495 0.283459
0.919653 0.283468
0.919745 0.283480
0.919676 0.283531
0.919625 0.283543
0.919564 0.283574
0.919656 0.283563
0.919968 0.283526
0.919889 0.283574
0.919972 0.283605
0.919927 0.283596
0.919933 0.283648
0.919866 0.283699
0.919872 0.283751
0.919961 0.283761
0.919892 0.283812
0.920378 0.283701
0.920312 0.283753
0.920246 0.283804
0.920346 0.283774
0.920297 0.283764
0.920377 0.283794
0.920326 0.283806
0.920265 0.283837
0.920360 0.283827
0.920294 0.283879
0.920228 0.283930
0.920323 0.283920
0.920345 0.283910
0.920589 0.283880
0.920463 0.283891
0.920480 0.283902
0.920485 0.283953
0.920419 0.284004
0.920425 0.284055
0.920433 0.284085
0.920333 0.284016
0.920202 0.284046
0.920076 0.284057
0.919890 0.284027
0.919907 0.284038
0.919838 0.284088
0.919718 0.284078
0.919884 0.284068
0.919904 0.284080
0.919839 0.284131
0.919773 0.284182
0.919716 0.284191
0.919594 0.284203
0.919694 0.284173
0.919625 0.284223
0.919585 0.284194
0.919525 0.284225
0.919394 0.284255
0.919340 0.284266
0.919275 0.284317
0.919292 0.284327
0.919238 0.284338
0.919244 0.284389
0.919184 0.284420
0.919119 0.284471
0.918732 0.284400
0.918542 0.284390
0.918494 0.284380
0.918429 0.284431
0.917978 0.284341
0.917853 0.284351
0.917734 0.284341
0.917740 0.284392
0.917681 0.284423
0.917550 0.284453
0.917497 0.284464
0.917367 0.284494
0.917118 0.284444
0.917059 0.284475
0.917006 0.284485
0.916941 0.284536
0.916822 0.284526
0.916698 0.284537
0.916574 0.284547
0.916583 0.284576
0.916551 0.284527
0.916486 0.284578
0.916421 0.284629
0.916232 0.284619
0.915979 0.284589
0.915790 0.284579
0.915737 0.284590
0.915679 0.284620
0.915614 0.284671
0.914661 0.284379
0.915053 0.284308
0.915298 0.284280
0.915231 0.284329
0.915328 0.284320
0.915340 0.284351
0.915588 0.284301
0.915599 0.284331
0.915605 0.284382
0.915611 0.284432
0.915547 0.284483
0.915623 0.284533
0.915555 0.284583
0.915442 0.284574
0.915383 0.284604
0.915254 0.284635
0.915272 0.284645
0.915372 0.284615
0.915308 0.284665
0.915314 0.284716
0.915326 0.284746
0.915258 0.284795
0.915270 0.284826
0.915150 0.284837
0.914963 0.284827
0.914326 0.284677
0.914207 0.284667
0.914023 0.284658
0.913721 0.284568
0.913656 0.284618
0.913537 0.284608
0.913491 0.284598
0.913513 0.284609
0.913445 0.284658
0.913397 0.284670
0.913339 0.284700
0.913211 0.284730
0.913259 0.284640
0.913265 0.284691
0.913201 0.284741
0.913137 0.284791
0.913028 0.284761
0.912961 0.284810
0.912842 0.284821
0.912720 0.284831
0.912617 0.284782
0.912623 0.284832
0.912496 0.284862
0.912247 0.284832
0.912134 0.284802
0.912098 0.284773
0.912111 0.284803
0.912123 0.284833
0.912056 0.284882
0.912014 0.284873
0.911950 0.284923
0.911911 0.284894
0.911860 0.284904
0.911733 0.284934
0.911751 0.284944
0.911770 0.284954
0.911706 0.285004
0.911642 0.285054
0.911394 0.285024
0.911086 0.284954
0.911168 0.284984
0.911259 0.284995
0.911426 0.284964
0.911448 0.284975
0.912269 0.284867
0.912278 0.284896
0.912523 0.284846
0.912825 0.284837
0.913004 0.284788
0.913378 0.284758
