0.001000 0.000000
0.023781 0.023781
0.044395 0.044395
0.049958 0.049958
0.050601 0.050601
0.048054 0.048054
0.056049 0.056049
0.063035 0.063035
0.070145 0.070145
0.075598 0.075598
0.079968 0.079968
0.092272 0.084583
0.126761 0.116197
0.167785 0.141972
0.242038 0.156613
0.268750 0.164236
0.310345 0.179673
0.328125 0.180469
0.331658 0.173726
0.348214 0.174107
0.368201 0.168759
0.386179 0.176999
0.392000 0.172480
0.390152 0.158951
0.411111 0.161508
0.438944 0.160946
0.441558 0.156682
0.440514 0.156312
0.445513 0.153145
0.434402 0.140542
0.442935 0.135341
0.453333 0.134775
0.447174 0.129445
0.448780 0.129910
0.444444 0.122222
0.469663 0.123007
0.471910 0.120721
0.473214 0.121055
0.480412 0.117434
0.480412 0.117434
0.483740 0.113216
0.485030 0.108884
0.495050 0.108911
0.500000 0.107843
0.512720 0.108460
0.515947 0.107083
0.512500 0.104398
0.509632 0.101926
0.516464 0.099669
0.533333 0.101149
0.535836 0.099902
0.531250 0.097396
0.538211 0.097055
0.543582 0.096442
0.545166 0.095188
0.549296 0.094410
0.569659 0.094943
0.574501 0.094321
0.574924 0.093002
0.579909 0.092449
0.579186 0.091015
0.581121 0.090033
0.584435 0.089289
0.590975 0.089051
0.593614 0.088240
0.599138 0.087874
0.604585 0.087506
0.606534 0.086648
0.615063 0.085642
0.626374 0.086126
0.629428 0.085478
0.626826 0.084086
0.628272 0.083265
0.628422 0.083285
0.630907 0.080697
0.633588 0.080109
0.641866 0.080233
0.641509 0.080189
0.646040 0.078960
0.646986 0.078207
0.652542 0.078021
0.655006 0.077474
0.659498 0.077175
0.659905 0.077223
0.661557 0.075803
0.665497 0.074699
0.669757 0.074417
0.675768 0.074334
0.676836 0.073715
0.677492 0.073063
0.681465 0.072778
0.683628 0.072307
0.688326 0.072110
0.691048 0.071713
0.690554 0.070992
0.699029 0.070544
0.702991 0.070299
0.707006 0.070064
0.708686 0.069603
0.711882 0.069298
0.713235 0.069430
0.717277 0.068609
0.719958 0.068272
0.723316 0.068004
0.723426 0.067438
0.724873 0.067005
0.737787 0.067072
0.744301 0.067109
0.748764 0.067511
0.751724 0.066685
0.751724 0.066685
0.751724 0.066685
0.754420 0.065862
0.756335 0.064998
0.759653 0.064777
0.760536 0.064353
0.763133 0.064080
0.764762 0.064217
0.766603 0.063403
0.767773 0.063500
0.771617 0.062410
0.774345 0.062174
0.778711 0.062071
0.786245 0.062221
0.790203 0.062087
0.790203 0.062087
0.796517 0.061702
0.796347 0.061689
0.797814 0.060944
0.798548 0.060580
0.799819 0.060260
0.798387 0.059743
0.798580 0.059354
0.808063 0.059258
0.809274 0.059347
0.810671 0.058667
0.815068 0.058600
0.816709 0.058336
0.820731 0.058245
0.822485 0.057996
0.827644 0.057621
0.831683 0.057538
0.831960 0.057197
0.830870 0.056768
0.831967 0.056492
0.832924 0.056557
0.833061 0.056566
0.835371 0.055691
0.836452 0.055428
0.837398 0.055490
0.840357 0.055023
0.843169 0.054881
0.847390 0.054831
0.850520 0.054712
0.850639 0.054719
0.853639 0.054278
0.857256 0.054508
0.857256 0.054508
0.862853 0.053928
0.867395 0.053603
0.869565 0.053437
0.875193 0.053484
0.877598 0.053335
0.879786 0.053174
0.879878 0.053179
0.881589 0.052704
0.882532 0.052760
0.885845 0.052389
0.887292 0.052194
0.889140 0.052024
0.891892 0.051909
0.902093 0.052226
0.907601 0.051998
0.908482 0.052048
0.909294 0.052095
0.915680 0.051920
0.916420 0.051695
0.918142 0.051528
0.919676 0.051614
0.920413 0.051394
0.920647 0.050890
0.923642 0.050800
0.926170 0.050435
0.930233 0.050407
0.931009 0.050449
0.931009 0.050449
0.933333 0.049838
0.939914 0.049947
0.942816 0.049860
0.942857 0.049863
0.945157 0.049508
0.944563 0.049477
0.950105 0.049066
0.952281 0.049179
0.951849 0.048699
0.952712 0.048518
0.954167 0.048592
0.956311 0.048254
0.955234 0.047980
0.956641 0.048050
0.955962 0.047582
0.954760 0.047522
0.956844 0.046988
0.958305 0.047060
0.963137 0.046878
0.963186 0.046881
0.963431 0.046481
0.963431 0.046481
0.966821 0.046239
0.968212 0.046105
0.968254 0.045909
0.968161 0.045707
0.969658 0.045582
0.970968 0.045257
0.973650 0.045191
0.973667 0.045191
0.976312 0.045124
0.980292 0.044930
0.980292 0.044930
0.983051 0.044684
0.983679 0.044529
0.986883 0.044491
0.988806 0.044395
0.990074 0.044272
0.990074 0.044272
0.991945 0.043998
0.992574 0.043849
0.995065 0.043783
0.995065 0.043783
0.998153 0.043570
1.003075 0.043612
1.012262 0.043666
1.014706 0.043601
1.015922 0.043653
1.015912 0.043652
1.016514 0.043678
1.018337 0.043417
1.018949 0.043276
1.020147 0.043160
1.020110 0.042829
1.024818 0.042701
1.024818 0.042701
1.027811 0.042503
1.030084 0.042438
1.031775 0.042349
1.032297 0.042213
1.034627 0.042151
1.034565 0.042149
1.037478 0.042112
1.039123 0.041869
1.045963 0.041839
1.047059 0.041731
1.048150 0.041623
1.052108 0.041630
1.053092 0.041520
1.053551 0.041389
1.054683 0.041287
1.055265 0.041163
1.058687 0.041150
1.060395 0.041072
1.060360 0.041070
1.061993 0.040846
1.067513 0.040915
1.070317 0.040880
1.071963 0.040801
1.072905 0.040696
1.072905 0.040696
1.074986 0.040496
1.076484 0.040414
1.078977 0.040370
1.079841 0.040265
1.083802 0.040141
1.087030 0.040125
1.088629 0.040050
1.089594 0.039952
1.090505 0.039852
1.090505 0.039852
1.093681 0.039836
1.094235 0.039725
1.094737 0.039612
1.095792 0.039391
1.097682 0.039331
1.101099 0.039325
1.101204 0.039201
1.102242 0.039112
1.102242 0.039112
1.105895 0.039115
1.106441 0.039009
1.108992 0.038727
1.110446 0.038655
1.114007 0.038656
1.116946 0.038637
1.116946 0.038637
1.120820 0.038528
1.120690 0.038524
1.122043 0.038450
1.124197 0.038285
1.124666 0.038301
1.126670 0.038133
1.131453 0.038178
1.131845 0.038191
1.133369 0.038126
1.134289 0.037925
1.134075 0.037803
1.135593 0.037739
1.137421 0.037686
1.138332 0.037716
1.143832 0.037559
1.145702 0.037508
1.148168 0.037477
1.148536 0.037489
1.148148 0.037366
1.148071 0.037363
1.150442 0.037111
1.152499 0.037069
1.152699 0.037075
1.153649 0.036890
1.156010 0.036858
1.159102 0.036850
1.158940 0.036845
1.160814 0.036692
1.162354 0.036531
1.162272 0.036529
1.165908 0.036538
1.166414 0.036450
1.168772 0.036318
1.170707 0.036275
1.172640 0.036233
1.174483 0.036290
1.175315 0.036214
1.176648 0.036154
1.177565 0.035981
1.178715 0.035917
1.179950 0.035954
1.181637 0.035807
1.182136 0.035724
1.182587 0.035640
1.187314 0.035684
1.187314 0.035684
1.191531 0.035616
1.191929 0.035532
1.192534 0.035454
1.195002 0.035336
1.195397 0.035348
1.198141 0.035239
1.200391 0.035211
1.203026 0.035289
1.203803 0.035124
1.205053 0.035068
1.205925 0.035093
1.205925 0.035093
1.207565 0.034956
1.208717 0.034897
1.210552 0.034768
1.210832 0.034685
1.212253 0.034636
1.214526 0.034611
1.215385 0.034546
1.217912 0.034528
1.222010 0.034556
1.222434 0.034479
1.223760 0.034428
1.224976 0.034374
1.224976 0.034374
1.225345 0.034297
1.225607 0.034131
1.229167 0.034058
1.229896 0.033992
1.231966 0.033964
1.232799 0.033987
1.236287 0.033913
1.237248 0.033939
1.238541 0.033890
1.239832 0.033758
1.241267 0.033713
1.244424 0.033799
1.244424 0.033799
1.245947 0.033674
1.246759 0.033614
1.247227 0.033544
1.248616 0.033418
1.249770 0.033449
1.251381 0.033411
1.250575 0.033308
1.252525 0.033280
1.254587 0.033095
1.257784 0.033100
1.259039 0.033054
1.261208 0.033032
1.263014 0.033000
1.265696 0.032992
1.268060 0.032976
1.270540 0.032962
1.271779 0.032994
1.271779 0.032994
1.273799 0.032814
1.273799 0.032814
1.273880 0.032664
1.277201 0.032673
1.277652 0.032608
1.280828 0.032614
1.279946 0.032516
1.282774 0.032513
1.282269 0.032500
1.284759 0.032414
1.286287 0.032452
1.287939 0.032346
1.289333 0.032307
1.291611 0.032217
1.292683 0.032171
1.292683 0.032171
1.297477 0.032145
1.299558 0.032124
1.301812 0.032107
1.301812 0.032107
1.304194 0.032023
1.304194 0.032023
1.305690 0.031917
1.311209 0.031981
1.312830 0.031949
1.313269 0.031890
1.313872 0.031904
1.317704 0.031857
1.319755 0.031906
1.319755 0.031906
1.321663 0.031743
1.326931 0.031800
1.327661 0.031748
1.329268 0.031718
1.329852 0.031732
1.330870 0.031687
1.332320 0.031653
1.335069 0.031650
1.337229 0.031566
1.338235 0.031589
1.339818 0.031559
1.339818 0.031559
1.339818 0.031559
1.340968 0.031451
1.342981 0.031431
1.347264 0.031266
1.347264 0.031266
1.349699 0.031191
1.349699 0.031191
1.358401 0.031260
1.359107 0.031211
1.359811 0.031227
1.362779 0.031165
1.363052 0.031172
1.363052 0.031172
1.370355 0.031144
1.371904 0.031115
1.371904 0.031115
1.371904 0.031115
1.374680 0.030987
1.377447 0.030986
1.378137 0.030938
1.379032 0.030895
1.380085 0.030918
1.381234 0.030819
1.381918 0.030771
1.382179 0.030777
1.382700 0.030727
1.382961 0.030671
1.386201 0.030619
1.387978 0.030658
1.387747 0.030592
1.389121 0.030439
1.391722 0.030435
1.391722 0.030435
1.393573 0.030355
1.394495 0.030315
1.395842 0.030285
1.398006 0.030272
1.398006 0.030272
1.398421 0.030221
1.398506 0.030164
1.399585 0.030187
1.403146 0.030087
1.404132 0.030050
1.403878 0.029986
1.406018 0.029973
1.405839 0.029911
1.407316 0.029885
1.410656 0.029956
1.412776 0.029886
1.412698 0.029827
1.413415 0.029785
1.415278 0.029767
1.417208 0.029694
1.420989 0.029716
1.421053 0.029718
1.421692 0.029675
1.422096 0.029627
1.423201 0.029594
1.422705 0.029472
1.422705 0.029472
1.422705 0.029472
1.423340 0.029430
1.424779 0.029404
1.427711 0.029300
1.429944 0.029291
1.430800 0.029254
1.431427 0.029213
1.432281 0.029176
1.432389 0.029124
1.432842 0.029080
1.432669 0.029076
1.435369 0.029024
1.435248 0.028968
1.435918 0.028929
1.436141 0.028933
1.436364 0.028938
1.441420 0.028828
1.443437 0.028816
1.443656 0.028821
1.444008 0.028723
1.446617 0.028723
1.446617 0.028723
1.446617 0.028723
1.449609 0.028679
1.450996 0.028604
1.452065 0.028574
1.453945 0.028560
1.455146 0.028532
1.455780 0.028545
1.456168 0.028502
1.456168 0.028502
1.459961 0.028424
1.460348 0.028381
1.461330 0.028350
1.461360 0.028351
1.462548 0.028324
1.463142 0.028236
1.464120 0.028255
1.466487 0.028251
1.468437 0.028239
1.469231 0.028107
1.470792 0.028088
1.472734 0.028076
1.472937 0.028080
1.473321 0.028039
1.475460 0.028080
1.475844 0.028038
1.476227 0.027997
1.476044 0.027994
1.477778 0.027931
1.477978 0.027934
1.480092 0.027831
1.483575 0.027801
1.487248 0.027823
1.488584 0.027848
1.491255 0.027803
1.491468 0.027760
1.493177 0.027792
1.493561 0.027752
1.497164 0.027725
1.497732 0.027689
1.498489 0.027657
1.498867 0.027617
1.499812 0.027589
1.499812 0.027542
1.501317 0.027524
1.503946 0.027572
1.504322 0.027533
1.504498 0.027445
1.504873 0.027407
1.506737 0.027395
1.508411 0.027380
1.509526 0.027310
1.510440 0.027282
1.510995 0.027292
1.512095 0.027267
1.512095 0.027267
1.513755 0.027164
1.514487 0.027133
1.516512 0.027125
1.521241 0.027165
1.521226 0.027121
1.522316 0.027096
1.522316 0.027096
1.522476 0.027012
1.524440 0.027003
1.525046 0.026970
1.527372 0.026968
1.528790 0.026907
1.528790 0.026907
1.529690 0.026880
1.530590 0.026852
1.531489 0.026825
1.531489 0.026825
1.533600 0.026735
1.533963 0.026699
1.535221 0.026678
1.535922 0.026691
1.536232 0.026612
1.537124 0.026585
1.540687 0.026605
1.542826 0.026600
1.543156 0.026565
1.543682 0.026532
1.542898 0.026477
1.544081 0.026497
1.545487 0.026480
1.546662 0.026418
1.546466 0.026415
1.546987 0.026424
1.547346 0.026389
1.549034 0.026295
1.549714 0.026266
1.550642 0.026242
1.551515 0.026216
1.552707 0.026196
1.553578 0.026171
1.554568 0.026107
1.556463 0.026099
1.557330 0.026074
1.559063 0.026063
1.559929 0.026078
1.560950 0.026055
1.562478 0.026002
1.562987 0.026010
1.563668 0.025943
1.565585 0.025975
1.565938 0.025942
1.566197 0.025907
1.566502 0.025912
1.568118 0.025822
1.569376 0.025804
1.569376 0.025804
1.570228 0.025780
1.570728 0.025788
1.572279 0.025775
1.573277 0.025715
1.573375 0.025640
1.574223 0.025654
1.573964 0.025574
1.574461 0.025544
1.576696 0.025543
1.578527 0.025573
1.581742 0.025512
1.583709 0.025544
1.585036 0.025528
1.585265 0.025457
1.586671 0.025442
1.587302 0.025415
1.587302 0.025415
1.587323 0.025342
1.588094 0.025317
1.588579 0.025325
1.589893 0.025309
1.590862 0.025288
1.590800 0.025287
1.591283 0.025258
1.592732 0.025172
1.594798 0.025169
1.596928 0.025166
1.597341 0.025173
1.598500 0.025155
1.598774 0.025124
1.598910 0.025126
1.600204 0.025110
1.600544 0.025080
1.602921 0.025010
1.604817 0.025004
1.606780 0.024964
1.608534 0.024991
1.609682 0.024974
1.610284 0.024948
1.611693 0.024900
1.612838 0.024882
1.614112 0.024867
1.615852 0.024859
1.617043 0.024843
1.618310 0.024862
1.620458 0.024861
1.620458 0.024861
1.623446 0.024803
1.624832 0.024789
1.624832 0.024789
1.625419 0.024764
1.626215 0.024742
1.628218 0.024704
1.629011 0.024682
1.630841 0.024676
1.631667 0.024654
1.632456 0.024666
1.632789 0.024637
1.634577 0.024597
1.634910 0.024568
1.635243 0.024540
1.637483 0.024540
1.639350 0.024534
1.640915 0.024525
1.642029 0.024508
1.642147 0.024510
1.644393 0.024444
1.645172 0.024422
1.648729 0.024442
1.650165 0.024430
1.651270 0.024414
1.651270 0.024414
1.651270 0.024414
1.652045 0.024393
1.652375 0.024365
1.652160 0.024362
1.653377 0.024347
1.656908 0.024301
1.657237 0.024274
1.658336 0.024258
1.659875 0.024216
1.659875 0.024216
1.661852 0.024180
1.661852 0.024180
1.664590 0.024156
1.666121 0.024147
1.667321 0.024132
1.668738 0.024121
1.668846 0.024091
1.669605 0.024070
1.671018 0.024059
1.672104 0.024043
1.673842 0.024037
1.673842 0.024037
1.675684 0.024032
1.675684 0.024032
1.677293 0.023961
1.678792 0.023952
1.679753 0.023934
1.681582 0.023929
1.681582 0.023929
1.681582 0.023929
1.682113 0.023906
1.682437 0.023880
1.683188 0.023890
1.684023 0.023780
1.688509 0.023782
1.689777 0.023769
1.690200 0.023745
1.691243 0.023729
1.691243 0.023729
1.691986 0.023709
1.692926 0.023692
1.694087 0.023678
1.695247 0.023665
1.697890 0.023642
1.699745 0.023637
1.700797 0.023652
1.701179 0.023598
1.702548 0.023617
1.703374 0.023569
1.703374 0.023569
1.703468 0.023540
1.705564 0.023510
1.708571 0.023522
1.708664 0.023494
1.709708 0.023508
1.710752 0.023493
1.710843 0.023465
1.710935 0.023467
1.712840 0.023405
1.714376 0.023426
1.714782 0.023432
1.714782 0.023432
1.718789 0.023370
1.719773 0.023326
1.720088 0.023302
1.720981 0.023285
1.722187 0.023273
1.723618 0.023264
1.724820 0.023280
1.725306 0.023258
1.726418 0.023216
1.727301 0.023199
1.728495 0.023215
1.729206 0.023225
1.729916 0.023235
1.732126 0.023236
1.734165 0.023178
1.734955 0.023161
1.735661 0.023142
1.737006 0.023104
1.737006 0.023104
1.737006 0.023104
1.738414 0.023067
1.738414 0.023067
1.739739 0.023057
1.740441 0.023038
1.741144 0.022992
1.742467 0.022955
1.742467 0.022955
1.743637 0.022915
1.744107 0.022921
1.746514 0.022898
1.747522 0.022911
1.749691 0.022858
1.751005 0.022848
1.753014 0.022874
1.753014 0.022874
1.754944 0.022872
1.756565 0.022867
1.756565 0.022867
1.761258 0.022820
1.761258 0.022820
1.761640 0.022798
1.762022 0.022776
1.762022 0.022776
1.764000 0.022721
1.765140 0.022709
1.768192 0.022722
1.769797 0.022716
1.770104 0.022694
1.770623 0.022700
1.772741 0.022675
1.773047 0.022652
1.775704 0.022660
1.776589 0.022645
1.778491 0.022643
1.781879 0.022660
1.781946 0.022634
1.783232 0.022651
1.785562 0.022628
1.786236 0.022637
1.786541 0.022614
1.786541 0.022614
1.787584 0.022576
1.788257 0.022558
1.790146 0.022556
1.792224 0.022582
1.793805 0.022551
1.795448 0.022571
1.796117 0.022554
1.796420 0.022532
1.796420 0.022532
1.796847 0.022512
1.796847 0.022512
1.798121 0.022528
1.799758 0.022421
1.801935 0.022397
1.803987 0.022372
1.804952 0.022359
1.806150 0.022373
1.808017 0.022371
1.808017 0.022371
1.808017 0.022371
1.810599 0.022353
1.811258 0.022311
1.813590 0.022290
1.814247 0.022273
1.817527 0.022289
1.818236 0.022297
1.818236 0.022297
1.818891 0.022256
1.820144 0.022246
1.820144 0.022246
1.823406 0.022212
1.823406 0.022212
1.824357 0.022175
1.825606 0.022190
1.827555 0.022164
1.827555 0.022164
1.827308 0.022161
1.827957 0.022145
1.828657 0.022105
1.829902 0.022095
1.832191 0.022075
1.832241 0.022051
1.833234 0.022039
1.834475 0.022030
1.834475 0.022030
1.835119 0.021989
1.836207 0.021979
1.836256 0.021955
1.839810 0.021974
1.844083 0.021977
1.844720 0.021961
1.845653 0.021948
1.846927 0.021963
1.849040 0.021965
1.850310 0.021956
1.851240 0.021944
1.852802 0.021915
1.852802 0.021915
1.853227 0.021873
1.853565 0.021877
1.853903 0.021881
1.855882 0.021857
1.856807 0.021868
1.857437 0.021829
1.858696 0.021820
1.858696 0.021820
1.860956 0.021800
1.861290 0.021781
1.861331 0.021782
1.863290 0.021758
1.865379 0.021759
1.865711 0.021740
1.866335 0.021725
1.867583 0.021693
1.870187 0.021700
1.870187 0.021700
1.871099 0.021711
1.871391 0.021692
1.872923 0.021686
1.874782 0.021640
1.876346 0.021635
1.876637 0.021616
1.877254 0.021600
1.878453 0.021591
1.879431 0.021580
1.881243 0.021556
1.881858 0.021541
1.883053 0.021554
1.883377 0.021535
1.884281 0.021523
1.888567 0.021528
1.889757 0.021541
1.890946 0.021555
1.890977 0.021555
1.891876 0.021543
1.894311 0.021482
1.894600 0.021463
1.895497 0.021451
1.895557 0.021452
1.895845 0.021433
1.897059 0.021425
1.898530 0.021419
1.898818 0.021401
1.901842 0.021391
1.903049 0.021404
1.903077 0.021383
1.903105 0.021361
1.903708 0.021346
1.905487 0.021345
1.905855 0.021349
1.906250 0.021310
1.906563 0.021313
1.906903 0.021274
1.908362 0.021268
1.908362 0.021268
1.908362 0.021268
1.908362 0.021268
1.911041 0.021212
1.911975 0.021201
1.914384 0.021185
1.914384 0.021185
1.914718 0.021146
1.914766 0.021126
1.915930 0.021117
1.916263 0.021121
1.919226 0.021090
1.920432 0.021083
1.922727 0.021087
1.922727 0.021087
1.923928 0.021079
1.924801 0.021088
1.924801 0.021088
1.926062 0.021060
1.926346 0.021043
1.926346 0.021043
1.926933 0.021028
1.928430 0.020982
1.928430 0.020982
1.930567 0.020943
1.932562 0.020944
1.935757 0.020958
1.936074 0.020961
1.937834 0.020960
1.939556 0.020958
1.940714 0.020929
1.942151 0.020945
1.943587 0.020919
1.944195 0.020905
1.944772 0.020912
1.945348 0.020897
1.945923 0.020903
1.945923 0.020903
1.945923 0.020903
1.946499 0.020910
1.947928 0.020864
1.950238 0.020808
1.951955 0.020806
1.951955 0.020806
1.951955 0.020806
1.952235 0.020789
1.954228 0.020750
1.955103 0.020739
1.955116 0.020739
1.958832 0.020738
1.959121 0.020721
1.959422 0.020705
1.960833 0.020700
1.964226 0.020696
1.964226 0.020696
1.964226 0.020696
1.965364 0.020668
1.966482 0.020660
1.966482 0.020660
1.966768 0.020644
1.967885 0.020616
1.968724 0.020605
1.969840 0.020617
1.970678 0.020626
1.972076 0.020621
1.972353 0.020604
1.975455 0.020558
1.976013 0.020545
1.976020 0.020545
1.976578 0.020531
1.976578 0.020531
1.978261 0.020490
1.978817 0.020477
1.981028 0.020481
1.981303 0.020464
1.981303 0.020464
1.983251 0.020465
1.983256 0.020446
1.984636 0.020441
1.984636 0.020441
1.986012 0.020436
1.986838 0.020445
1.986838 0.020445
1.986838 0.020445
1.989315 0.020375
1.990142 0.020364
1.990698 0.020351
1.992898 0.020336
1.993721 0.020325
1.994541 0.020315
1.996180 0.020331
1.996453 0.020315
1.997820 0.020292
1.997820 0.020292
1.998639 0.020263
1.998639 0.020263
2.001359 0.020253
2.001631 0.020237
2.002717 0.020229
2.004074 0.020206
2.004886 0.020196
2.005422 0.020183
2.005959 0.020170
2.007582 0.020186
2.008660 0.020160
2.008931 0.020144
2.011895 0.020156
2.012165 0.020140
2.013243 0.020132
2.014861 0.020130
2.014861 0.020130
2.016473 0.020128
2.018079 0.020108
2.018079 0.020108
2.018613 0.020077
2.019412 0.020085
2.021019 0.020064
2.021282 0.020067
2.021271 0.020067
2.021271 0.020067
2.022336 0.020059
2.023675 0.020036
2.023675 0.020036
2.025007 0.019996
2.026337 0.019973
2.028441 0.019958
2.028441 0.019958
2.030019 0.019938
2.032362 0.019943
2.032362 0.019943
2.032362 0.019943
2.033387 0.019917
2.035209 0.019900
2.035467 0.019885
2.036257 0.019875
2.038093 0.019875
2.038615 0.019863
2.038615 0.019863
2.042774 0.019868
2.042762 0.019868
2.042762 0.019868
2.045105 0.019855
2.045346 0.019823
2.046382 0.019815
2.047165 0.019805
2.048212 0.019798
2.048212 0.019798
2.048477 0.019783
2.049258 0.019756
2.049510 0.019759
2.050013 0.019729
2.049960 0.019711
2.050211 0.019714
2.050476 0.019699
2.052048 0.019714
2.053340 0.019692
2.054118 0.019665
2.054075 0.019665
2.054589 0.019670
2.054589 0.019670
2.055629 0.019663
2.060263 0.019622
2.061037 0.019612
2.061284 0.019597
2.062024 0.019587
2.062024 0.019587
2.063847 0.019571
2.063847 0.019571
2.063847 0.019571
2.063847 0.019571
2.064355 0.019559
2.064355 0.019559
2.064601 0.019561
2.069463 0.019540
2.070718 0.019535
2.071990 0.019530
2.076762 0.019525
2.078048 0.019521
2.078309 0.019506
2.078268 0.019489
2.078728 0.019477
2.080511 0.019477
2.080229 0.019474
2.080708 0.019462
2.080968 0.019448
2.081229 0.019434
2.082748 0.019432
2.082748 0.019432
2.083767 0.019425
2.084763 0.019401
2.085261 0.019390
2.086990 0.019373
2.087442 0.019361
2.088693 0.019356
2.088693 0.019356
2.088952 0.019342
2.089448 0.019347
2.090202 0.019354
2.090956 0.019328
2.091451 0.019300
2.093192 0.019284
2.093685 0.019289
2.094413 0.019295
2.094413 0.019295
2.094647 0.019297
2.095915 0.019293
2.096174 0.019279
2.098399 0.019235
2.098399 0.019235
2.098399 0.019235
2.101651 0.019185
2.104355 0.019194
2.104328 0.019194
2.105277 0.019186
2.106279 0.019196
2.107997 0.019179
2.108254 0.019166
2.108969 0.019157
2.109856 0.019133
2.109856 0.019133
2.110313 0.019137
2.111311 0.019146
2.111766 0.019119
2.112478 0.019094
2.112676 0.019064
2.113101 0.019053
2.113072 0.019037
2.113950 0.019029
2.115473 0.019027
2.116403 0.019020
2.116344 0.019019
2.117527 0.019015
2.118618 0.018978
2.118618 0.018978
2.120081 0.018976
2.120081 0.018976
2.120720 0.018935
2.121957 0.018931
2.122402 0.018935
2.122532 0.018920
2.123513 0.018914
2.123513 0.018914
2.124462 0.018892
2.125190 0.018883
2.127654 0.018890
2.128600 0.018883
2.128535 0.018882
2.130204 0.018867
2.131871 0.018866
2.131871 0.018866
2.132090 0.018853
2.133569 0.018836
2.133821 0.018823
2.136890 0.018835
2.136890 0.018835
2.137141 0.018822
2.138226 0.018801
2.138226 0.018801
2.138659 0.018775
2.140346 0.018760
2.140778 0.018749
2.141495 0.018740
2.142929 0.018753
2.143394 0.018757
2.143394 0.018757
2.143824 0.018731
2.143824 0.018731
2.145395 0.018700
2.147074 0.018685
2.147074 0.018685
2.147074 0.018685
2.148037 0.018679
2.149213 0.018659
2.149213 0.018659
2.151137 0.018632
2.153693 0.018639
2.154403 0.018631
2.155533 0.018626
2.155744 0.018628
2.156413 0.018634
2.157331 0.018627
2.158785 0.018610
2.158785 0.018610
2.159492 0.018602
2.159492 0.018602
2.160905 0.018570
2.161322 0.018559
2.162404 0.018554
2.162820 0.018543
2.162820 0.018543
2.165097 0.018519
2.165469 0.018494
2.166914 0.018492
2.169755 0.018502
2.171027 0.018498
2.172916 0.018500
2.172916 0.018500
2.172916 0.018500
2.173817 0.018465
2.174063 0.018453
2.174267 0.018440
2.174267 0.018440
2.175659 0.018424
2.177094 0.018422
2.177094 0.018422
2.177542 0.018411
2.179361 0.018398
2.180545 0.018380
2.182131 0.018379
2.182131 0.018379
2.182777 0.018371
2.183223 0.018360
2.183468 0.018348
2.183914 0.018338
2.184604 0.018330
2.185049 0.018334
2.185203 0.018321
2.186383 0.018303
2.186383 0.018303
2.186627 0.018291
2.188250 0.018291
2.189427 0.018287
2.190360 0.018267
2.190604 0.018255
2.191292 0.018261
2.191885 0.018252
2.192326 0.018242
2.193257 0.018249
2.193942 0.018228
2.194139 0.018229
2.197365 0.018201
2.198148 0.018208
2.199416 0.018204
2.200097 0.018196
2.200097 0.018196
2.201509 0.018194
2.202141 0.018200
2.202141 0.018200
2.203064 0.018193
2.203452 0.018183
2.204419 0.018164
2.206453 0.018140
2.206596 0.018114
2.207899 0.018111
2.209927 0.018128
2.211520 0.018114
2.211520 0.018114
2.211520 0.018114
2.213543 0.018117
2.214217 0.018109
2.215511 0.018106
2.215753 0.018094
2.216184 0.018085
2.216184 0.018085
2.216373 0.018073
2.216373 0.018073
2.220265 0.018024
2.220265 0.018024
2.221177 0.018018
2.222571 0.018016
2.222571 0.018016
2.223186 0.018008
2.227677 0.018005
2.229252 0.018017
2.229252 0.018017
2.229252 0.018017
2.230159 0.018012
2.230159 0.018012
2.231490 0.017996
2.232396 0.017977
2.232396 0.017977
2.232765 0.017967
2.233317 0.017932
2.234293 0.017926
2.235139 0.017920
2.235139 0.017920
2.235139 0.017920
2.235985 0.017914
2.239302 0.017888
2.238777 0.017871
2.240277 0.017870
2.240277 0.017870
2.240697 0.017874
2.242374 0.017861
2.243211 0.017855
2.243211 0.017855
2.243629 0.017845
2.243571 0.017832
2.244476 0.017800
2.244476 0.017800
2.245843 0.017786
2.245843 0.017786
2.246735 0.017780
2.246972 0.017769
2.247388 0.017747
2.248458 0.017742
2.249051 0.017747
2.249466 0.017750
2.249822 0.017728
2.250652 0.017722
2.252013 0.017720
2.252013 0.017720
2.252901 0.017714
2.252901 0.017714
2.253314 0.017717
2.253964 0.017684
2.254730 0.017665
2.255616 0.017660
2.255792 0.017648
2.256204 0.017639
2.257790 0.017626
2.258840 0.017622
2.259486 0.017615
2.263356 0.017620
2.264000 0.017612
2.264000 0.017612
2.264173 0.017614
2.265397 0.017611
2.265632 0.017600
2.266385 0.017581
2.267668 0.017579
2.268012 0.017569
2.268888 0.017564
2.270258 0.017562
2.270599 0.017552
2.272408 0.017541
2.272642 0.017531
2.273684 0.017527
2.274556 0.017533
2.275362 0.017527
2.275362 0.017527
2.275362 0.017527
2.275362 0.017527
2.275362 0.017527
2.276233 0.017509
2.279645 0.017487
2.281184 0.017474
2.281184 0.017474
2.282685 0.017474
2.282685 0.017474
2.285448 0.017446
2.286546 0.017442
2.287177 0.017447
2.288506 0.017457
2.288506 0.017457
2.288506 0.017457
2.289535 0.017429
2.290165 0.017422
2.291454 0.017407
2.291483 0.017408
2.292372 0.017414
2.294854 0.017397
2.294854 0.017397
2.295017 0.017398
2.296502 0.017398
2.297523 0.017393
2.298380 0.017388
2.299167 0.017370
2.299560 0.017373
2.299560 0.017373
2.300416 0.017368
2.300740 0.017346
2.301294 0.017350
2.301525 0.017340
2.301525 0.017340
2.301917 0.017331
2.301917 0.017331
2.301917 0.017331
2.303485 0.017308
2.303485 0.017308
2.305120 0.017261
2.305600 0.017253
2.308082 0.017236
2.308702 0.017229
2.309250 0.017233
2.309480 0.017223
2.309480 0.017223
2.309869 0.017214
2.309869 0.017214
2.311264 0.017202
2.311264 0.017202
2.311652 0.017170
2.311581 0.017169
2.313361 0.017136
2.313748 0.017139
2.315367 0.017128
2.316139 0.017134
2.316139 0.017134
2.316139 0.017134
2.316838 0.017127
2.318223 0.017091
2.320146 0.017094
2.320612 0.017098
2.322301 0.017087
2.322308 0.017076
2.323073 0.017070
2.324595 0.017070
2.325205 0.017063
2.325513 0.017054
2.325740 0.017044
2.325592 0.017043
2.327120 0.017031
2.327727 0.017036
2.327653 0.017035
2.329396 0.017014
2.329927 0.017018
2.330458 0.017011
2.331670 0.017008
2.331897 0.016999
2.331897 0.016999
2.332502 0.016992
2.333107 0.016974
2.334391 0.016961
2.334315 0.016960
2.335220 0.016944
2.336501 0.016942
2.339810 0.016944
2.339733 0.016943
2.341161 0.016931
2.341684 0.016924
2.341684 0.016924
2.343708 0.016928
2.343933 0.016918
2.344159 0.016909
2.344975 0.016903
2.345799 0.016898
2.346015 0.016889
2.346240 0.016879
2.348335 0.016872
2.348335 0.016872
2.349381 0.016869
2.349674 0.016860
2.350270 0.016864
2.350270 0.016864
2.351236 0.016838
2.350842 0.016825
2.350684 0.016823
2.351503 0.016818
2.352321 0.016813
2.353429 0.016799
2.353350 0.016799
2.353929 0.016781
2.355113 0.016768
2.355113 0.016768
2.355034 0.016767
2.355401 0.016759
2.358499 0.016749
2.358339 0.016737
2.358259 0.016725
2.358608 0.016717
2.360294 0.016729
2.360517 0.016720
2.363009 0.016705
2.363373 0.016708
2.364243 0.016703
2.365051 0.016698
2.366585 0.016698
2.367170 0.016681
2.368643 0.016681
2.368643 0.016681
2.369449 0.016686
2.369869 0.016668
2.370091 0.016659
2.370231 0.016649
2.370814 0.016643
2.371619 0.016638
2.371758 0.016628
2.372784 0.016614
2.372784 0.016614
2.372619 0.016602
2.372619 0.016602
2.375249 0.016589
2.376051 0.016595
2.376632 0.016599
2.377212 0.016592
2.378235 0.016589
2.380027 0.016580
2.379943 0.016580
2.381320 0.016579
2.381320 0.016579
2.382119 0.016563
2.382918 0.016548
2.383054 0.016549
2.383852 0.016544
2.384208 0.016547
2.384208 0.016547
2.386243 0.016529
2.386819 0.016533
2.386734 0.016533
2.386734 0.016533
2.387885 0.016520
2.389879 0.016503
2.391333 0.016502
2.391333 0.016502
2.391333 0.016502
2.393493 0.016497
2.393846 0.016489
2.394419 0.016493
2.394904 0.016486
2.398904 0.016462
2.400964 0.016465
2.402671 0.016457
2.402671 0.016457
2.402671 0.016457
2.403240 0.016450
2.404814 0.016451
2.405949 0.016448
2.405860 0.016438
2.407213 0.016426
2.408217 0.016423
2.409220 0.016420
2.409220 0.016420
2.409220 0.016420
2.409220 0.016420
2.410004 0.016415
2.410570 0.016409
2.411482 0.016395
2.411482 0.016395
2.412175 0.016369
2.412958 0.016364
2.413086 0.016365
2.413778 0.016349
2.414124 0.016352
2.413943 0.016351
2.414852 0.016327
2.416413 0.016327
2.416413 0.016327
2.418352 0.016310
2.419474 0.016308
2.419600 0.016309
2.419600 0.016309
2.420595 0.016295
2.420595 0.016295
2.421373 0.016281
2.422434 0.016268
2.424203 0.016270
2.424420 0.016261
2.424420 0.016261
2.424420 0.016261
2.425195 0.016247
2.426404 0.016245
2.427674 0.016234
2.427613 0.016223
2.427737 0.016214
2.427737 0.016214
2.430177 0.016211
2.430177 0.016211
2.430733 0.016205
2.431779 0.016192
2.432765 0.016189
2.432981 0.016181
2.433319 0.016173
2.433995 0.016168
2.434117 0.016159
2.435991 0.016162
2.436975 0.016158
2.437742 0.016154
2.438725 0.016150
2.438725 0.016150
2.438725 0.016150
2.440095 0.016121
2.440430 0.016113
2.440980 0.016117
2.441745 0.016103
2.442415 0.016107
2.442415 0.016107
2.442965 0.016101
2.443299 0.016094
2.443299 0.016094
2.443848 0.016088
2.443848 0.016088
2.445850 0.016043
2.447397 0.016044
2.449272 0.016056
2.449272 0.016056
2.450364 0.016063
2.452915 0.016042
2.452915 0.016042
2.453168 0.016043
2.453072 0.016043
2.454177 0.016031
2.454294 0.016022
2.455823 0.016004
2.455823 0.016004
2.457021 0.016002
2.457350 0.016004
2.458643 0.016003
2.458856 0.015995
2.459724 0.016001
2.460705 0.015979
2.460820 0.015970
2.461049 0.015971
2.461702 0.015947
2.462240 0.015942
2.462240 0.015942
2.464377 0.015955
2.464702 0.015957
2.464914 0.015949
2.465875 0.015956
2.465875 0.015956
2.465989 0.015947
2.468869 0.015938
2.468982 0.015920
2.469306 0.015912
2.470053 0.015908
2.470066 0.015889
2.472304 0.015885
2.472304 0.015885
2.473695 0.015866
2.473695 0.015866
2.474440 0.015853
2.475507 0.015850
2.475527 0.015841
2.476482 0.015838
2.476693 0.015830
2.478279 0.015840
2.478490 0.015832
2.478490 0.015832
2.479022 0.015836
2.480185 0.015825
2.480396 0.015817
2.480396 0.015817
2.482940 0.015806
2.483151 0.015798
2.483681 0.015801
2.485263 0.015802
2.485474 0.015794
2.486003 0.015789
2.488220 0.015794
2.491280 0.015786
2.491597 0.015788
2.492544 0.015794
2.492544 0.015794
2.492757 0.015786
2.493283 0.015780
2.493283 0.015780
2.495068 0.015792
2.496958 0.015785
2.498112 0.015784
2.499056 0.015771
2.500000 0.015768
2.501782 0.015771
2.502515 0.015775
2.502724 0.015767
2.503666 0.015746
2.503666 0.015746
2.504608 0.015734
2.505340 0.015730
2.507222 0.015724
2.507222 0.015724
2.509312 0.015728
2.509312 0.015728
2.511190 0.015713
2.511399 0.015705
2.511920 0.015699
2.511599 0.015697
2.512537 0.015694
2.515133 0.015693
2.515645 0.015696
2.516264 0.015682
2.516264 0.015682
2.517090 0.015678
2.518750 0.015671
2.519575 0.015676
2.519575 0.015676
2.519675 0.015668
2.520400 0.015655
2.521848 0.015637
2.522155 0.015639
2.523087 0.015645
2.524017 0.015642
2.524017 0.015642
2.524948 0.015630
2.524948 0.015630
2.524948 0.015630
2.525343 0.015606
2.525550 0.015599
2.525550 0.015599
2.526775 0.015571
2.527495 0.015558
2.528826 0.015558
2.530155 0.015557
2.530155 0.015557
2.530460 0.015559
2.531580 0.015549
2.531580 0.015549
2.531580 0.015549
2.532298 0.015544
2.532298 0.015544
2.533637 0.015526
2.534975 0.015526
2.535692 0.015513
2.535788 0.015514
2.537603 0.015508
2.538382 0.015487
2.539191 0.015483
2.540095 0.015480
2.541315 0.015487
2.541315 0.015487
2.541315 0.015487
2.541315 0.015487
2.542233 0.015493
2.542533 0.015486
2.543657 0.015467
2.544463 0.015464
2.545155 0.015451
2.545866 0.015455
2.545866 0.015455
2.545866 0.015455
2.546165 0.015457
2.548089 0.015434
2.548089 0.015434
2.549507 0.015418
2.549897 0.015420
2.550493 0.015407
2.552092 0.015399
2.552799 0.015395
2.552847 0.015387
2.553553 0.015383
2.553553 0.015383
2.554032 0.015377
2.555624 0.015378
2.555624 0.015378
2.556623 0.015368
2.556600 0.015359
2.556781 0.015352
2.559184 0.015358
2.559184 0.015358
2.559886 0.015345
2.559886 0.015345
2.560881 0.015326
2.560881 0.015326
2.560563 0.015324
2.561557 0.015305
2.562729 0.015304
2.563899 0.015294
2.564598 0.015290
2.565765 0.015289
2.565765 0.015289
2.566348 0.015284
2.566843 0.015279
2.567540 0.015266
2.568440 0.015264
2.568440 0.015264
2.568528 0.015264
2.569399 0.015261
2.571081 0.015246
2.571081 0.015246
2.571515 0.015249
2.571891 0.015235
2.572845 0.015224
2.572845 0.015224
2.572845 0.015224
2.573913 0.015214
2.574404 0.015217
2.574085 0.015215
2.574631 0.015202
2.575813 0.015201
2.576100 0.015178
2.576589 0.015181
2.576589 0.015181
2.577280 0.015177
2.578172 0.015182
2.578172 0.015182
2.578172 0.015182
2.578459 0.015176
2.579234 0.015156
2.579287 0.015148
2.579774 0.015151
2.579859 0.015151
2.581002 0.015118
2.581858 0.015115
2.582429 0.015102
2.582680 0.015095
2.583367 0.015091
2.583367 0.015091
2.583936 0.015087
2.585224 0.015094
2.585224 0.015094
2.585709 0.015081
2.586677 0.015079
2.587244 0.015082
2.588094 0.015079
2.590518 0.015045
2.591200 0.015041
2.592282 0.015048
2.592963 0.015051
2.593644 0.015048
2.594125 0.015042
2.594805 0.015038
2.594686 0.015038
2.596046 0.015022
2.596726 0.015010
2.598403 0.015012
2.599322 0.015009
2.599521 0.015002
2.599601 0.015003
2.600438 0.015000
2.601195 0.015004
2.601474 0.015006
2.603702 0.015003
2.604179 0.014998
2.604855 0.014994
2.605410 0.014981
2.605410 0.014981
2.606362 0.014979
2.606561 0.014972
2.607313 0.014977
2.607313 0.014977
2.607313 0.014977
2.608462 0.014960
2.610405 0.014955
2.610482 0.014956
2.610758 0.014957
2.611706 0.014947
2.612455 0.014936
2.612455 0.014936
2.612807 0.014930
2.613875 0.014936
2.614546 0.014940
2.615019 0.014935
2.615171 0.014936
2.616634 0.014921
2.616634 0.014921
2.616710 0.014922
2.618171 0.014907
2.618247 0.014907
2.618200 0.014907
2.619066 0.014889
2.621344 0.014871
2.621344 0.014871
2.622284 0.014876
2.622481 0.014870
2.622481 0.014870
2.622753 0.014856
2.623692 0.014854
2.624753 0.014852
2.625419 0.014848
2.625691 0.014850
2.625888 0.014843
2.627884 0.014839
2.627884 0.014839
2.628301 0.014826
2.628571 0.014828
2.628571 0.014828
2.631102 0.014812
2.631569 0.014807
2.632625 0.014813
2.634022 0.014805
2.634880 0.014803
2.634880 0.014803
2.635542 0.014806
2.635542 0.014806
2.636864 0.014799
2.637721 0.014788
2.638916 0.014773
2.639969 0.014771
2.640910 0.014754
2.640784 0.014753
2.641583 0.014757
2.641583 0.014757
2.642241 0.014754
2.642437 0.014747
2.642969 0.014735
2.642969 0.014735
2.644283 0.014735
2.644745 0.014730
2.645401 0.014734
2.645597 0.014728
2.646840 0.014727
2.647692 0.014724
2.649658 0.014713
2.650704 0.014711
2.651163 0.014714
2.651163 0.014714
2.653448 0.014697
2.654102 0.014693
2.655018 0.014698
2.657104 0.014695
2.657104 0.014695
2.657104 0.014695
2.658993 0.014691
2.660101 0.014675
2.660296 0.014668
2.660753 0.014671
2.661014 0.014672
2.661014 0.014672
2.661664 0.014661
2.661925 0.014663
2.662186 0.014664
2.662836 0.014660
2.663551 0.014635
2.663551 0.014635
2.663746 0.014629
2.664590 0.014633
2.665239 0.014622
2.666407 0.014621
2.669452 0.014631
2.669452 0.014631
2.669452 0.014631
2.670099 0.014627
2.670099 0.014627
2.670616 0.014608
2.670810 0.014602
2.671456 0.014605
2.671520 0.014606
2.672230 0.014602
2.672230 0.014602
2.672875 0.014599
2.674297 0.014592
2.674297 0.014592
2.675136 0.014589
2.676613 0.014554
2.677769 0.014553
2.677769 0.014553
2.678281 0.014542
2.678281 0.014542
2.678343 0.014528
2.678986 0.014531
2.682328 0.014535
2.683671 0.014535
2.683794 0.014528
2.684241 0.014524
2.684241 0.014524
2.685074 0.014521
2.685074 0.014521
2.685389 0.014523
2.686222 0.014513
2.686464 0.014486
2.690678 0.014494
2.690678 0.014494
2.690605 0.014480
2.691493 0.014485
2.691493 0.014485
2.692707 0.014477
2.692707 0.014477
2.694038 0.014477
2.694038 0.014477
2.695752 0.014472
2.696061 0.014467
2.697197 0.014459
2.697197 0.014459
2.698504 0.014445
2.699444 0.014450
2.701092 0.014451
2.701092 0.014451
2.702107 0.014450
2.702107 0.014450
2.702775 0.014439
2.702889 0.014440
2.703520 0.014429
2.704072 0.014418
2.704072 0.014418
2.704893 0.014416
2.705579 0.014398
2.707163 0.014407
2.707792 0.014403
2.708612 0.014401
2.708612 0.014401
2.709542 0.014392
2.709979 0.014387
2.710416 0.014389
2.711098 0.014393
2.711835 0.014390
2.712843 0.014367
2.714231 0.014368
2.714231 0.014368
2.714667 0.014363
2.716435 0.014366
2.716625 0.014360
2.716625 0.014360
2.716870 0.014361
2.717114 0.014362
2.717739 0.014366
2.718173 0.014361
2.718173 0.014361
2.718607 0.014357
2.719095 0.014338
2.719909 0.014336
2.722159 0.014320
2.722159 0.014320
2.722159 0.014320
2.722782 0.014317
2.723404 0.014313
2.724027 0.014316
2.724079 0.014317
2.725271 0.014316
2.726703 0.014296
2.729186 0.014289
2.729807 0.014292
2.730616 0.014296
2.730806 0.014291
2.731804 0.014282
2.732234 0.014278
2.732664 0.014273
2.732853 0.014267
2.733813 0.014259
2.734810 0.014257
2.734810 0.014257
2.735956 0.014243
2.738185 0.014241
2.738374 0.014235
2.738374 0.014235
2.738613 0.014230
2.739229 0.014226
2.739229 0.014226
2.739467 0.014228
2.740608 0.014220
2.740797 0.014214
2.741649 0.014205
2.741649 0.014205
2.741649 0.014205
2.743067 0.014199
2.744436 0.014200
2.744484 0.014200
2.745523 0.014185
2.746325 0.014183
2.747081 0.014173
2.748918 0.014183
2.749106 0.014177
2.749106 0.014177
2.749906 0.014168
2.749248 0.014158
2.749624 0.014153
2.750846 0.014153
2.750846 0.014153
2.750846 0.014153
2.751080 0.014148
2.751690 0.014151
2.751878 0.014145
2.752676 0.014143
2.753286 0.014133
2.754083 0.014124
2.754551 0.014119
2.755485 0.014118
2.755906 0.014113
2.756139 0.014114
2.757121 0.014119
2.760397 0.014110
2.761566 0.014096
2.761423 0.014095
2.762261 0.014087
2.762680 0.014089
2.762680 0.014089
2.762769 0.014089
2.762769 0.014089
2.762769 0.014089
2.764123 0.014083
2.764123 0.014083
2.764442 0.014078
2.765091 0.014068
2.765135 0.014062
2.766112 0.014061
2.766112 0.014061
2.766112 0.014061
2.768901 0.014055
2.768901 0.014055
2.768987 0.014043
2.769776 0.014040
2.770794 0.014039
2.770794 0.014039
2.770794 0.014039
2.771626 0.014024
2.771855 0.014019
2.772914 0.014005
2.772914 0.014005
2.774115 0.014004
2.774902 0.014002
2.776436 0.013990
2.777262 0.013994
2.777943 0.013998
2.778396 0.014000
2.778809 0.014002
2.778809 0.014002
2.779076 0.013991
2.779714 0.013981
2.779714 0.013981
2.780723 0.013973
2.780723 0.013973
2.782142 0.013949
2.782738 0.013952
2.783969 0.013939
2.784564 0.013935
2.786309 0.013932
2.786903 0.013935
2.786903 0.013935
2.787313 0.013937
2.789055 0.013933
2.789688 0.013923
2.790689 0.013928
2.791282 0.013931
2.791467 0.013926
2.791467 0.013926
2.792505 0.013912
2.793097 0.013915
2.795023 0.013912
2.795207 0.013907
2.795245 0.013907
2.796204 0.013911
2.796204 0.013911
2.796610 0.013907
2.796648 0.013901
2.799448 0.013884
2.800441 0.013882
2.800441 0.013882
2.800625 0.013877
2.801250 0.013868
2.801250 0.013868
2.801287 0.013862
2.801947 0.013859
2.802975 0.013851
2.802975 0.013851
2.802975 0.013851
2.803414 0.013853
2.804806 0.013848
2.805209 0.013844
2.805718 0.013827
2.806156 0.013823
2.806192 0.013817
2.806700 0.013820
2.807284 0.013817
2.807284 0.013817
2.808417 0.013804
2.808417 0.013804
2.808417 0.013804
2.810020 0.013805
2.810020 0.013805
2.810020 0.013805
2.811552 0.013794
2.812055 0.013791
2.812055 0.013791
2.812820 0.013794
2.813436 0.013785
2.813618 0.013780
2.813618 0.013780
2.814200 0.013777
2.814200 0.013777
2.815146 0.013769
2.815943 0.013755
2.817104 0.013748
2.817104 0.013748
2.818116 0.013747
2.819639 0.013742
2.819639 0.013742
2.819854 0.013737
2.821559 0.013745
2.821559 0.013745
2.822501 0.013738
2.823444 0.013742
2.824386 0.013735
2.824386 0.013735
2.825328 0.013721
2.825359 0.013721
2.826300 0.013726
2.826878 0.013711
2.829122 0.013697
2.829122 0.013697
2.829122 0.013697
2.829760 0.013700
2.830154 0.013702
2.831093 0.013695
2.831306 0.013696
2.833757 0.013696
2.833757 0.013696
2.834694 0.013700
2.834876 0.013695
2.834876 0.013695
2.835631 0.013693
2.836416 0.013690
2.838470 0.013670
2.838651 0.013665
2.840131 0.013660
2.840131 0.013660
2.840131 0.013660
2.841876 0.013657
2.841876 0.013657
2.842658 0.013655
2.843954 0.013655
2.843954 0.013655
2.845068 0.013660
2.845820 0.013664
2.846599 0.013650
2.846989 0.013652
2.847378 0.013648
2.847586 0.013643
2.849268 0.013627
2.849837 0.013630
2.850018 0.013625
2.850407 0.013626
2.852059 0.013617
2.852267 0.013618
2.852267 0.013618
2.852267 0.013618
2.853557 0.013618
2.853557 0.013618
2.855802 0.013605
2.856937 0.013610
2.860079 0.013602
2.860645 0.013604
2.860645 0.013604
2.860645 0.013604
2.863063 0.013610
2.863243 0.013605
2.863423 0.013600
2.863423 0.013600
2.863628 0.013601
2.864373 0.013587
2.867303 0.013583
2.867303 0.013583
2.867303 0.013583
2.867303 0.013583
2.869557 0.013565
2.870324 0.013563
2.870324 0.013563
2.870324 0.013563
2.871675 0.013551
2.871675 0.013551
2.871675 0.013551
2.871878 0.013552
2.872799 0.013539
2.874079 0.013534
2.875202 0.013527
2.876884 0.013530
2.876884 0.013530
2.877804 0.013534
2.877804 0.013534
2.879864 0.013532
2.881720 0.013523
2.881921 0.013519
2.881921 0.013519
2.882300 0.013520
2.882300 0.013520
2.882859 0.013523
2.883417 0.013514
2.885269 0.013506
2.885269 0.013506
2.886782 0.013495
2.886961 0.013490
2.887160 0.013491
2.887160 0.013491
2.887359 0.013492
2.887538 0.013487
2.889048 0.013477
2.889782 0.013475
2.889782 0.013475
2.890536 0.013479
2.890536 0.013479
2.890555 0.013473
2.890932 0.013475
2.891844 0.013468
2.892417 0.013459
2.893150 0.013457
2.893150 0.013457
2.893150 0.013457
2.893150 0.013457
2.893526 0.013458
2.894849 0.013430
2.895046 0.013426
2.896134 0.013414
2.896687 0.013411
2.896687 0.013411
2.899092 0.013399
2.901085 0.013403
2.901085 0.013403
2.901671 0.013400
2.901671 0.013400
2.901867 0.013395
2.901867 0.013395
2.902240 0.013397
2.902240 0.013397
2.902612 0.013387
2.902612 0.013387
2.904618 0.013391
2.905345 0.013389
2.905912 0.013386
2.905912 0.013386
2.907026 0.013380
2.907624 0.013366
2.908720 0.013354
2.909445 0.013357
2.911072 0.013365
2.911072 0.013365
2.911249 0.013360
2.912905 0.013351
2.913628 0.013349
2.915119 0.013339
2.915680 0.013336
2.916048 0.013332
2.917020 0.013331
2.917020 0.013331
2.918666 0.013333
2.919386 0.013336
2.919400 0.013336
2.919400 0.013336
2.921192 0.013322
2.921192 0.013322
2.921558 0.013324
2.921558 0.013324
2.922643 0.013312
2.923023 0.013308
2.924269 0.013309
2.924269 0.013309
2.924811 0.013300
2.925378 0.013286
2.926284 0.013279
2.926310 0.013279
2.926499 0.013280
2.927918 0.013281
2.928295 0.013272
2.929362 0.013277
2.929726 0.013273
2.929726 0.013273
2.930265 0.013265
2.930277 0.013265
2.930992 0.013262
2.931168 0.013258
2.932409 0.013258
2.932584 0.013253
2.932772 0.013254
2.932772 0.013254
2.933497 0.013257
2.934386 0.013256
2.934386 0.013256
2.934924 0.013248
2.935099 0.013243
2.936163 0.013237
2.936349 0.013227
2.936349 0.013227
2.938507 0.013220
2.939219 0.013218
2.940662 0.013214
2.941022 0.013210
2.941742 0.013202
2.942802 0.013196
2.942802 0.013196
2.943881 0.013196
2.943901 0.013196
2.944784 0.013200
2.944784 0.013200
2.944784 0.013200
2.947102 0.013183
2.947111 0.013178
2.947469 0.013180
2.947479 0.013174
2.948011 0.013177
2.948570 0.013169
2.948570 0.013169
2.948745 0.013164
2.948745 0.013164
2.949460 0.013157
2.950348 0.013150
2.950348 0.013150
2.950348 0.013150
2.950523 0.013145
2.951054 0.013142
2.952116 0.013136
2.952116 0.013136
2.952116 0.013136
2.953865 0.013134
2.953865 0.013134
2.956673 0.013130
2.956673 0.013130
2.956673 0.013130
2.958428 0.013122
2.958428 0.013122
2.959304 0.013121
2.959304 0.013121
2.960362 0.013109
2.960542 0.013110
2.961779 0.013100
2.962307 0.013092
2.962834 0.013094
2.962834 0.013094
2.963368 0.013086
2.964075 0.013073
2.964249 0.013069
2.965128 0.013073
2.965828 0.013071
2.965828 0.013071
2.966528 0.013068
2.967932 0.013054
2.969503 0.013050
2.969503 0.013050
2.970721 0.013045
2.970721 0.013045
2.971592 0.013049
2.971592 0.013049
2.971592 0.013049
2.975627 0.013041
2.976845 0.013046
2.976853 0.013041
2.977375 0.013038
2.977728 0.013039
2.978077 0.013041
2.978250 0.013037
2.980331 0.013035
2.980331 0.013035
2.980683 0.013037
2.980855 0.013032
2.980855 0.013032
2.982069 0.013022
2.982241 0.013018
2.983454 0.013018
2.983454 0.013018
2.984838 0.013014
2.985702 0.013012
2.985702 0.013012
2.986570 0.013001
2.987433 0.012994
2.987433 0.012994
2.987610 0.012995
2.988992 0.012996
2.988992 0.012996
2.988992 0.012996
2.990205 0.012980
2.990550 0.012977
2.990722 0.012972
2.992614 0.012960
2.992786 0.012956
2.993989 0.012956
2.993989 0.012956
2.995021 0.012960
2.995021 0.012960
2.995881 0.012954
2.996397 0.012956
2.997771 0.012952
2.997771 0.012952
2.998286 0.012949
2.999486 0.012949
3.000343 0.012953
3.000343 0.012953
3.000856 0.012945
3.001370 0.012947
3.001541 0.012943
3.001883 0.012939
3.002396 0.012936
3.002738 0.012933
3.003422 0.012936
3.003422 0.012936
3.003422 0.012936
3.003422 0.012936
3.003935 0.012938
3.005473 0.012929
3.005985 0.012926
3.005982 0.012926
3.005982 0.012926
3.006153 0.012922
3.007348 0.012907
3.007855 0.012904
3.007855 0.012904
3.008366 0.012891
3.009218 0.012890
3.009558 0.012886
3.009382 0.012886
3.010399 0.012875
3.010399 0.012875
3.010399 0.012875
3.011249 0.012869
3.011249 0.012869
3.011588 0.012860
3.011925 0.012852
3.011925 0.012852
3.012604 0.012849
3.014641 0.012853
3.015149 0.012850
3.015819 0.012833
3.017344 0.012830
3.017851 0.012827
3.018698 0.012826
3.020554 0.012834
3.020554 0.012834
3.020724 0.012829
3.021060 0.012831
3.022241 0.012826
3.022407 0.012827
3.022573 0.012827
3.023078 0.012815
3.023919 0.012813
3.023919 0.012813
3.024423 0.012810
3.025602 0.012810
3.026784 0.012806
3.027119 0.012807
3.027119 0.012807
3.029128 0.012786
3.029795 0.012789
3.029621 0.012788
3.030631 0.012787
3.030631 0.012787
3.030626 0.012783
3.030621 0.012783
3.030790 0.012778
3.031800 0.012773
3.033294 0.012760
3.033294 0.012760
3.034133 0.012758
3.034465 0.012755
3.036293 0.012743
3.036793 0.012745
3.036793 0.012745
3.037631 0.012749
3.037793 0.012744
3.037793 0.012744
3.038111 0.012746
3.038779 0.012749
3.038779 0.012749
3.040101 0.012744
3.040937 0.012733
3.041435 0.012731
3.042439 0.012725
3.042439 0.012725
3.043273 0.012719
3.043273 0.012719
3.044613 0.012710
3.044613 0.012710
3.045615 0.012709
3.046112 0.012711
3.046105 0.012711
3.046433 0.012713
3.047267 0.012711
3.047595 0.012708
3.049588 0.012702
3.049588 0.012702
3.050412 0.012691
3.050722 0.012687
3.051713 0.012687
3.051713 0.012687
3.052879 0.012677
3.053709 0.012676
3.053709 0.012676
3.054372 0.012679
3.054539 0.012674
3.055015 0.012672
3.055844 0.012670
3.056170 0.012672
3.056496 0.012673
3.057157 0.012666
3.057650 0.012654
3.058311 0.012652
3.059454 0.012652
3.059454 0.012652
3.060114 0.012645
3.063566 0.012650
3.064214 0.012643
3.064214 0.012643
3.064872 0.012636
3.064861 0.012636
3.065185 0.012638
3.065341 0.012638
3.067992 0.012635
3.068159 0.012631
3.068159 0.012631
3.069484 0.012632
3.068960 0.012625
3.068960 0.012625
3.069449 0.012622
3.069449 0.012622
3.070105 0.012620
3.071226 0.012601
3.072345 0.012601
3.072512 0.012597
3.073321 0.012596
3.073321 0.012596
3.073309 0.012596
3.075450 0.012595
3.075450 0.012595
3.076769 0.012591
3.076936 0.012587
3.077064 0.012587
3.077064 0.012587
3.078369 0.012574
3.078855 0.012576
3.080326 0.012573
3.080326 0.012573
3.080326 0.012573
3.080326 0.012573
3.080326 0.012573
3.079980 0.012571
3.081131 0.012557
3.081131 0.012557
3.081935 0.012556
3.081935 0.012556
3.083403 0.012543
3.083873 0.012541
3.085354 0.012537
3.085354 0.012537
3.085520 0.012533
3.086668 0.012529
3.087606 0.012528
3.087606 0.012528
3.087245 0.012527
3.088226 0.012521
3.089191 0.012511
3.089357 0.012508
3.089673 0.012504
3.090984 0.012510
3.092792 0.012508
3.092792 0.012508
3.092792 0.012508
3.093439 0.012510
3.093439 0.012510
3.094386 0.012496
3.095861 0.012502
3.096026 0.012498
3.096026 0.012498
3.096026 0.012498
3.096988 0.012497
3.097137 0.012493
3.097783 0.012486
3.098428 0.012485
3.098594 0.012481
3.100661 0.012471
3.100661 0.012471
3.100975 0.012467
3.101734 0.012461
3.102361 0.012464
3.102526 0.012460
3.103500 0.012455
3.103665 0.012451
3.103665 0.012451
3.104273 0.012440
3.104273 0.012440
3.104273 0.012440
3.104273 0.012440
3.106036 0.012433
3.107155 0.012433
3.109867 0.012435
3.109867 0.012435
3.110343 0.012432
3.111312 0.012436
3.111934 0.012434
3.113031 0.012430
3.113341 0.012431
3.114309 0.012430
3.114309 0.012430
3.114290 0.012426
3.114765 0.012423
3.115511 0.012412
3.116565 0.012412
3.117657 0.012412
3.117657 0.012412
3.118950 0.012413
3.118950 0.012413
3.118950 0.012413
3.119423 0.012410
3.119895 0.012407
3.120203 0.012404
3.120203 0.012404
3.120512 0.012401
3.121475 0.012396
3.122379 0.012386
3.122379 0.012386
3.123014 0.012388
3.125327 0.012371
3.125961 0.012373
3.125961 0.012373
3.125961 0.012373
3.126125 0.012370
3.127698 0.012371
3.127350 0.012370
3.127145 0.012365
3.127899 0.012359
3.128837 0.012354
3.129306 0.012355
3.129469 0.012352
3.130385 0.012351
3.130527 0.012351
3.131158 0.012349
3.132768 0.012356
3.132768 0.012356
3.133725 0.012346
3.133725 0.012346
3.133725 0.012346
3.135126 0.012339
3.135126 0.012339
3.135593 0.012336
3.136223 0.012334
3.136179 0.012334
3.136948 0.012324
3.137740 0.012322
3.137740 0.012322
3.138369 0.012321
3.137998 0.012315
3.138604 0.012317
3.138907 0.012318
3.139652 0.012312
3.140094 0.012305
3.141859 0.012308
3.141859 0.012308
3.142161 0.012309
3.142161 0.012309
3.143553 0.012297
3.143553 0.012297
3.143553 0.012297
3.144342 0.012296
3.144504 0.012292
3.144504 0.012292
3.145292 0.012291
3.146242 0.012286
3.146242 0.012286
3.147517 0.012282
3.147679 0.012278
3.147842 0.012274
3.148142 0.012276
3.148929 0.012266
3.150365 0.012267
3.150965 0.012256
3.151751 0.012246
3.152699 0.012250
3.152974 0.012242
3.153597 0.012245
3.153759 0.012241
3.153759 0.012241
3.154058 0.012242
3.154058 0.012242
3.154681 0.012236
3.155142 0.012225
3.155142 0.012225
3.157196 0.012220
3.157767 0.012205
3.157767 0.012205
3.157903 0.012201
3.158797 0.012196
3.159095 0.012197
3.159095 0.012197
3.160608 0.012195
3.160608 0.012195
3.160608 0.012195
3.161473 0.012194
3.162092 0.012192
3.163035 0.012191
3.163035 0.012191
3.163035 0.012191
3.163035 0.012191
3.165215 0.012191
3.165215 0.012191
3.165215 0.012191
3.165349 0.012191
3.165349 0.012191
3.166237 0.012186
3.167714 0.012158
3.169270 0.012164
3.169270 0.012164
3.169887 0.012158
3.169887 0.012158
3.170048 0.012154
3.170343 0.012151
3.170504 0.012148
3.172186 0.012141
3.172186 0.012141
3.172907 0.012136
3.172907 0.012136
3.173040 0.012136
3.173173 0.012137
3.173627 0.012138
3.175016 0.012131
3.175602 0.012125
3.176187 0.012123
3.176480 0.012116
3.177008 0.012118
3.177140 0.012118
3.177140 0.012118
3.177753 0.012116
3.177913 0.012113
3.178365 0.012102
3.178337 0.012102
3.178949 0.012104
3.178949 0.012104
3.178949 0.012104
3.179853 0.012087
3.180144 0.012088
3.180756 0.012082
3.181702 0.012077
3.181702 0.012077
3.182995 0.012082
3.183445 0.012083
3.184185 0.012074
3.185055 0.012073
3.185504 0.012070
3.186403 0.012066
3.187301 0.012061
3.188068 0.012064
3.188357 0.012065
3.188357 0.012065
3.189125 0.012059
3.189892 0.012058
3.189861 0.012054
3.190150 0.012042
3.191015 0.012042
3.192265 0.012038
3.194210 0.012041
3.194656 0.012039
3.195103 0.012040
3.196184 0.012036
3.196184 0.012036
3.196184 0.012036
3.196599 0.012034
3.196758 0.012030
3.197044 0.012031
3.196950 0.012027
3.197492 0.012021
3.197588 0.012017
3.198128 0.012011
3.199334 0.012007
3.199746 0.012005
3.200317 0.012007
3.200317 0.012007
3.200317 0.012007
3.200317 0.012007
3.200602 0.012008
3.201204 0.012010
3.201204 0.012010
3.201204 0.012010
3.201615 0.011995
3.201900 0.011992
3.202470 0.011978
3.203639 0.011970
3.203639 0.011970
3.203797 0.011967
3.204082 0.011968
3.205027 0.011959
3.206352 0.011960
3.206635 0.011957
3.207234 0.011959
3.207234 0.011959
3.207991 0.011962
3.208366 0.011951
3.208807 0.011953
3.208807 0.011953
3.208932 0.011953
3.209688 0.011944
3.210850 0.011940
3.211290 0.011942
3.211447 0.011938
3.211447 0.011938
3.211414 0.011938
3.211572 0.011935
3.211787 0.011924
3.211787 0.011924
3.212699 0.011927
3.214331 0.011921
3.214769 0.011923
3.214769 0.011923
3.214736 0.011918
3.215331 0.011913
3.215331 0.011913
3.216050 0.011911
3.216981 0.011903
3.216981 0.011903
3.217261 0.011900
3.217261 0.011900
3.217699 0.011889
3.218136 0.011891
3.218136 0.011891
3.218136 0.011891
3.218136 0.011891
3.218102 0.011887
3.218976 0.011882
3.219849 0.011877
3.220879 0.011873
3.221036 0.011870
3.222257 0.011870
3.222257 0.011870
3.222658 0.011872
3.224557 0.011863
3.224557 0.011863
3.224643 0.011863
3.225235 0.011861
3.225235 0.011861
3.226069 0.011853
3.226190 0.011853
3.226190 0.011853
3.228048 0.011836
3.228048 0.011836
3.228482 0.011834
3.228482 0.011834
3.229229 0.011829
3.229229 0.011829
3.230998 0.011827
3.231551 0.011821
3.232296 0.011820
3.232296 0.011820
3.232260 0.011820
3.232536 0.011817
3.232813 0.011818
3.233557 0.011813
3.234146 0.011811
3.235515 0.011812
3.235515 0.011812
3.236259 0.011811
3.236259 0.011811
3.236534 0.011808
3.237397 0.011807
3.238690 0.011800
3.238690 0.011800
3.239276 0.011799
3.239276 0.011799
3.240175 0.011802
3.240175 0.011802
3.240605 0.011796
3.240879 0.011797
3.241777 0.011796
3.242051 0.011793
3.242481 0.011795
3.243222 0.011794
3.243496 0.011787
3.244510 0.011775
3.245251 0.011762
3.247355 0.011762
3.247706 0.011759
3.248523 0.011758
3.248523 0.011758
3.248951 0.011760
3.249106 0.011757
3.249689 0.011759
3.249689 0.011759
3.250427 0.011761
3.250854 0.011759
3.250854 0.011759
3.251747 0.011762
3.251747 0.011762
3.251747 0.011762
3.252174 0.011756
3.253453 0.011745
3.253414 0.011745
3.255313 0.011744
3.255388 0.011733
3.255969 0.011731
3.257050 0.011728
3.257940 0.011723
3.258789 0.011715
3.258789 0.011715
3.259833 0.011715
3.260257 0.011716
3.261219 0.011708
3.262450 0.011709
3.263337 0.011712
3.263337 0.011712
3.263492 0.011709
3.264533 0.011712
3.264533 0.011712
3.265533 0.011716
3.265533 0.011716
3.265956 0.011710
3.266687 0.011705
3.266955 0.011706
3.266955 0.011706
3.267377 0.011700
3.267532 0.011696
3.268263 0.011695
3.268417 0.011692
3.269569 0.011685
3.271493 0.011684
3.271493 0.011684
3.271493 0.011684
3.272601 0.011673
3.273176 0.011675
3.273597 0.011676
3.273597 0.011676
3.273709 0.011677
3.274199 0.011667
3.274268 0.011667
3.274380 0.011668
3.275990 0.011670
3.277290 0.011659
3.277290 0.011659
3.277290 0.011659
3.278128 0.011655
3.278855 0.011646
3.280462 0.011644
3.280462 0.011644
3.281034 0.011646
3.282793 0.011645
3.282793 0.011645
3.283364 0.011639
3.283782 0.011637
3.284507 0.011636
3.284507 0.011636
3.285078 0.011634
3.285078 0.011634
3.285648 0.011629
3.285802 0.011626
3.286943 0.011622
3.288237 0.011627
3.288237 0.011627
3.288653 0.011624
3.288653 0.011624
3.288916 0.011622
3.288916 0.011622
3.290273 0.011611
3.290273 0.011611
3.290273 0.011611
3.290229 0.011608
3.290491 0.011609
3.291213 0.011607
3.291213 0.011607
3.292088 0.011607
3.292088 0.011607
3.293423 0.011608
3.293577 0.011605
3.294559 0.011597
3.295695 0.011593
3.297550 0.011589
3.297550 0.011589
3.297550 0.011589
3.298270 0.011584
3.299602 0.011581
3.299602 0.011581
3.301148 0.011583
3.301148 0.011583
3.301301 0.011580
3.302020 0.011571
3.302020 0.011571
3.302020 0.011571
3.302585 0.011573
3.302738 0.011570
3.303716 0.011566
3.304281 0.011561
3.304541 0.011562
3.304800 0.011559
3.305517 0.011558
3.305517 0.011558
3.305471 0.011558
3.305882 0.011555
3.306705 0.011558
3.307739 0.011544
3.307739 0.011544
3.307998 0.011541
3.307998 0.011541
3.308150 0.011538
3.308866 0.011536
3.308866 0.011536
3.309124 0.011537
3.309992 0.011529
3.310250 0.011530
3.310250 0.011530
3.310871 0.011525
3.310871 0.011525
3.312043 0.011522
3.312710 0.011517
3.315781 0.011506
3.317767 0.011505
3.317919 0.011502
3.318071 0.011499
3.318327 0.011500
3.318583 0.011501
3.319149 0.011499
3.319556 0.011497
3.320571 0.011501
3.320571 0.011501
3.321130 0.011495
3.321130 0.011495
3.321537 0.011493
3.321689 0.011490
3.324226 0.011488
3.325596 0.011482
3.326357 0.011477
3.326611 0.011478
3.327926 0.011483
3.327926 0.011483
3.327926 0.011483
3.328179 0.011484
3.328179 0.011484
3.328179 0.011484
3.329645 0.011478
3.330959 0.011475
3.330959 0.011475
3.330959 0.011475
3.332778 0.011474
3.333283 0.011473
3.333787 0.011463
3.333989 0.011457
3.333939 0.011457
3.334896 0.011453
3.335048 0.011450
3.335048 0.011450
3.335048 0.011450
3.335451 0.011448
3.335702 0.011441
3.336256 0.011440
3.337113 0.011436
3.337113 0.011436
3.337766 0.011434
3.338822 0.011431
3.339073 0.011432
3.339073 0.011432
3.339625 0.011419
3.340429 0.011418
3.340779 0.011420
3.341331 0.011418
3.341831 0.011420
3.341931 0.011420
3.342629 0.011412
3.343331 0.011407
3.344080 0.011410
3.344080 0.011410
3.344480 0.011408
3.345331 0.011407
3.346032 0.011406
3.345476 0.011400
3.346825 0.011401
3.347224 0.011403
3.347774 0.011398
3.348173 0.011395
3.348872 0.011398
3.348872 0.011398
3.349369 0.011396
3.349767 0.011390
3.351067 0.011388
3.351217 0.011385
3.351165 0.011381
3.351863 0.011383
3.351960 0.011384
3.353056 0.011384
3.354204 0.011384
3.354451 0.011382
3.355245 0.011374
3.355642 0.011375
3.355889 0.011372
3.357036 0.011373
3.357036 0.011373
3.358032 0.011373
3.358032 0.011373
3.358032 0.011373
3.358824 0.011372
3.359820 0.011368
3.359820 0.011368
3.360911 0.011365
3.360911 0.011365
3.361457 0.011363
3.361457 0.011363
3.362002 0.011362
3.362697 0.011360
3.363732 0.011347
3.364276 0.011341
3.364317 0.011342
3.364466 0.011339
3.365160 0.011334
3.365704 0.011336
3.365704 0.011336
3.366098 0.011327
3.366791 0.011319
3.367634 0.011322
3.367634 0.011322
3.368571 0.011321
3.369263 0.011317
3.370404 0.011314
3.370404 0.011314
3.370404 0.011314
3.371488 0.011307
3.371488 0.011307
3.371975 0.011305
3.372666 0.011300
3.372666 0.011300
3.372666 0.011300
3.372461 0.011300
3.373152 0.011295
3.374086 0.011291
3.374328 0.011289
3.374869 0.011287
3.375019 0.011284
3.375261 0.011285
3.375261 0.011285
3.376585 0.011276
3.377572 0.011276
3.378112 0.011274
3.378112 0.011274
3.378390 0.011268
3.380173 0.011260
3.380173 0.011260
3.381456 0.011261
3.381456 0.011261
3.382475 0.011258
3.383254 0.011257
3.383941 0.011256
3.383941 0.011256
3.384181 0.011250
3.384718 0.011248
3.385827 0.011245
3.385827 0.011245
3.386009 0.011246
3.386009 0.011246
3.386991 0.011249
3.387561 0.011244
3.387561 0.011244
3.387801 0.011242
3.388040 0.011239
3.388427 0.011233
3.388609 0.011227
3.388881 0.011228
3.388881 0.011228
3.388881 0.011228
3.390692 0.011224
3.390692 0.011224
3.390692 0.011224
3.390692 0.011224
3.391704 0.011217
3.392328 0.011216
3.392566 0.011210
3.392894 0.011208
3.392894 0.011208
3.393845 0.011204
3.393845 0.011204
3.394231 0.011205
3.395060 0.011201
3.395682 0.011193
3.396689 0.011193
3.396689 0.011193
3.397754 0.011190
3.397754 0.011190
3.397754 0.011190
3.398286 0.011192
3.398848 0.011187
3.398848 0.011187
3.399262 0.011185
3.399734 0.011183
3.399970 0.011184
3.400797 0.011183
3.400797 0.011183
3.400797 0.011183
3.400885 0.011184
3.401032 0.011181
3.401416 0.011175
3.401563 0.011173
3.402034 0.011161
3.402034 0.011161
3.403330 0.011158
3.404155 0.011158
3.404155 0.011158
3.404685 0.011156
3.404685 0.011156
3.405067 0.011151
3.405449 0.011152
3.406420 0.011149
3.406568 0.011146
3.406568 0.011146
3.408301 0.011142
3.409358 0.011142
3.409358 0.011142
3.410181 0.011141
3.410649 0.011133
3.411350 0.011128
3.411497 0.011126
3.411964 0.011120
3.412344 0.011122
3.412491 0.011119
3.412491 0.011119
3.413190 0.011121
3.413950 0.011117
3.414770 0.011113
3.414770 0.011113
3.416557 0.011106
3.417168 0.011098
3.418806 0.011100
3.418806 0.011100
3.418953 0.011097
3.419478 0.011096
3.419880 0.011097
3.419880 0.011097
3.419880 0.011097
3.421978 0.011094
3.422440 0.011092
3.422587 0.011089
3.422671 0.011090
3.423133 0.011091
3.423803 0.011084
3.423888 0.011084
3.424788 0.011087
3.425625 0.011086
3.426587 0.011086
3.426671 0.011086
3.427193 0.011085
3.427423 0.011082
3.428384 0.011079
3.429052 0.011071
3.429052 0.011071
3.429657 0.011067
3.429677 0.011063
3.430199 0.011062
3.430657 0.011057
3.431344 0.011056
3.431573 0.011057
3.431884 0.011058
3.432779 0.011044
3.432862 0.011045
3.432799 0.011044
3.433319 0.011043
3.433319 0.011043
3.433319 0.011043
3.433465 0.011040
3.433547 0.011040
3.433547 0.011040
3.433775 0.011041
3.434003 0.011039
3.434814 0.011038
3.435498 0.011037
3.436017 0.011035
3.436536 0.011034
3.437573 0.011034
3.438237 0.011030
3.438237 0.011030
3.438464 0.011027
3.439127 0.011023
3.439127 0.011023
3.439872 0.011025
3.439872 0.011025
3.441052 0.011019
3.441052 0.011019
3.441942 0.011019
3.443654 0.011008
3.443735 0.011009
3.445202 0.011013
3.445202 0.011013
3.445202 0.011013
3.445202 0.011013
3.445864 0.011012
3.446895 0.011009
3.447120 0.011010
3.447636 0.011005
3.448956 0.011000
3.448956 0.011000
3.449761 0.011002
3.450710 0.011002
3.451080 0.011003
3.452029 0.011003
3.452029 0.011003
3.453281 0.010995
3.453281 0.010995
3.454598 0.010999
3.454598 0.010999
3.454598 0.010999
3.454598 0.010999
3.455111 0.010991
3.456138 0.010981
3.456138 0.010981
3.456138 0.010981
3.457387 0.010973
3.457387 0.010973
3.457387 0.010973
3.458044 0.010975
3.458044 0.010975
3.459936 0.010962
3.460593 0.010961
3.460593 0.010961
3.460593 0.010961
3.460960 0.010962
3.461761 0.010958
3.461694 0.010955
3.462206 0.010956
3.462206 0.010956
3.462650 0.010948
3.462650 0.010948
3.463739 0.010942
3.465271 0.010938
3.465637 0.010933
3.465858 0.010933
3.466080 0.010934
3.466080 0.010934
3.466445 0.010935
3.466667 0.010936
3.467032 0.010931
3.468119 0.010928
3.468119 0.010928
3.468484 0.010929
3.468484 0.010929
3.469002 0.010915
3.469944 0.010909
3.469944 0.010909
3.470690 0.010908
3.470690 0.010908
3.471630 0.010901
3.474669 0.010902
3.476047 0.010903
3.476047 0.010903
3.477930 0.010903
3.478292 0.010898
3.478730 0.010899
3.480029 0.010903
3.480029 0.010903
3.480753 0.010899
3.480753 0.010899
3.481402 0.010898
3.481402 0.010898
3.481907 0.010896
3.482412 0.010892
3.482412 0.010892
3.483709 0.010887
3.484070 0.010885
3.484070 0.010885
3.484648 0.010880
3.484866 0.010881
3.485227 0.010879
3.485370 0.010876
3.486378 0.010864
3.486378 0.010864
3.486882 0.010866
3.486882 0.010866
3.486882 0.010866
3.486669 0.010865
3.488032 0.010860
3.488032 0.010860
3.488032 0.010860
3.488032 0.010860
3.488032 0.010860
3.488679 0.010859
3.489898 0.010863
3.489898 0.010863
3.490544 0.010859
3.491190 0.010854
3.491979 0.010851
3.492984 0.010851
3.492984 0.010851
3.493629 0.010850
3.494417 0.010843
3.494776 0.010841
3.494991 0.010842
3.495779 0.010841
3.495922 0.010839
3.495922 0.010839
3.495922 0.010839
3.496423 0.010831
3.496423 0.010831
3.496495 0.010828
3.496711 0.010829
3.496711 0.010829
3.496711 0.010829
3.497783 0.010826
3.498856 0.010817
3.501571 0.010804
3.501499 0.010804
3.501856 0.010805
3.501856 0.010805
3.502213 0.010806
3.502213 0.010806
3.502712 0.010808
3.502568 0.010804
3.503210 0.010797
3.503424 0.010798
3.505277 0.010801
3.506060 0.010803
3.506060 0.010803
3.506558 0.010801
3.507627 0.010802
3.507627 0.010802
3.507627 0.010802
3.507769 0.010799
3.508694 0.010796
3.509049 0.010794
3.509049 0.010794
3.510256 0.010795
3.512101 0.010791
3.512740 0.010787
3.513237 0.010789
3.513375 0.010789
3.514225 0.010786
3.514009 0.010785
3.514078 0.010782
3.513932 0.010779
3.514639 0.010769
3.515772 0.010767
3.516409 0.010763
3.517330 0.010762
3.517330 0.010762
3.517330 0.010762
3.517330 0.010762
3.519449 0.010751
3.519449 0.010751
3.520085 0.010750
3.520721 0.010752
3.521215 0.010753
3.521141 0.010753
3.522270 0.010751
3.523046 0.010750
3.523323 0.010745
3.524100 0.010744
3.525861 0.010738
3.525861 0.010738
3.526636 0.010737
3.526979 0.010729
3.527255 0.010727
3.527255 0.010727
3.527746 0.010729
3.528729 0.010723
3.528729 0.010723
3.528729 0.010723
3.529503 0.010722
3.529570 0.010722
3.529570 0.010722
3.530835 0.010723
3.530835 0.010723
3.530835 0.010723
3.531740 0.010720
3.532089 0.010721
3.532363 0.010719
3.532561 0.010717
3.533333 0.010713
3.533333 0.010713
3.535356 0.010698
3.535986 0.010700
3.536475 0.010702
3.536541 0.010702
3.536606 0.010699
3.537518 0.010702
3.537518 0.010702
3.537930 0.010697
3.538700 0.010697
3.538700 0.010697
3.538700 0.010697
3.538700 0.010697
3.539188 0.010692
3.539329 0.010690
3.539394 0.010687
3.540163 0.010684
3.540651 0.010682
3.540716 0.010679
3.541755 0.010680
3.543151 0.010675
3.543151 0.010675
3.545237 0.010676
3.545864 0.010666
3.545864 0.010666
3.546350 0.010661
3.548587 0.010662
3.548587 0.010662
3.549072 0.010661
3.549213 0.010658
3.550401 0.010659
3.550401 0.010659
3.550401 0.010659
3.551026 0.010658
3.550949 0.010658
3.550949 0.010658
3.552543 0.010657
3.552683 0.010654
3.552683 0.010654
3.553090 0.010650
3.553995 0.010646
3.554619 0.010643
3.554760 0.010640
3.554822 0.010637
3.555166 0.010638
3.555509 0.010639
3.555509 0.010639
3.556413 0.010636
3.556195 0.010636
3.557301 0.010630
3.558906 0.010629
3.558906 0.010629
3.558906 0.010629
3.559591 0.010629
3.559591 0.010629
3.560073 0.010624
3.561738 0.010621
3.561738 0.010621
3.562780 0.010624
3.562780 0.010624
3.563323 0.010622
3.563463 0.010620
3.563603 0.010617
3.564986 0.010610
3.565747 0.010609
3.567208 0.010608
3.567208 0.010608
3.567208 0.010608
3.567969 0.010610
3.567969 0.010610
3.568169 0.010605
3.568169 0.010605
3.568570 0.010604
3.568570 0.010604
3.568970 0.010602
3.568970 0.010602
3.570010 0.010599
3.570909 0.010593
3.570909 0.010593
3.571249 0.010591
3.571588 0.010590
3.572806 0.010582
3.573205 0.010574
3.573404 0.010575
3.574441 0.010572
3.575398 0.010572
3.576155 0.010575
3.576155 0.010575
3.576612 0.010573
3.577089 0.010575
3.577229 0.010572
3.578999 0.010569
3.578999 0.010569
3.579534 0.010568
3.579534 0.010568
3.580802 0.010566
3.581279 0.010561
3.581279 0.010561
3.582033 0.010561
3.583124 0.010561
3.583043 0.010561
3.583380 0.010559
3.584806 0.010563
3.585814 0.010558
3.586288 0.010556
3.586288 0.010556
3.586427 0.010554
3.586427 0.010554
3.586427 0.010554
3.587041 0.010550
3.587933 0.010550
3.587933 0.010550
3.588824 0.010553
3.588824 0.010553
3.588824 0.010553
3.589159 0.010551
3.589355 0.010546
3.589968 0.010536
3.590720 0.010536
3.590720 0.010536
3.590720 0.010536
3.591446 0.010532
3.592335 0.010529
3.592335 0.010529
3.592670 0.010530
3.593559 0.010524
3.595615 0.010525
3.595754 0.010522
3.595948 0.010523
3.596477 0.010522
3.596477 0.010522
3.597087 0.010523
3.598170 0.010521
3.598170 0.010521
3.598974 0.010521
3.599113 0.010518
3.599584 0.010517
3.599584 0.010517
3.599917 0.010512
3.599917 0.010512
3.599917 0.010512
3.599972 0.010512
3.600859 0.010509
3.601053 0.010510
3.601717 0.010503
3.602520 0.010500
3.602520 0.010500
3.604123 0.010491
3.604593 0.010492
3.605340 0.010492
3.605340 0.010492
3.605340 0.010492
3.606140 0.010491
3.606140 0.010491
3.607548 0.010476
3.607548 0.010476
3.607464 0.010476
3.607933 0.010477
3.608732 0.010477
3.608732 0.010477
3.608924 0.010477
3.608924 0.010477
3.609945 0.010475
3.609945 0.010475
3.610743 0.010477
3.610743 0.010477
3.610743 0.010477
3.610743 0.010477
3.612369 0.010471
3.612369 0.010471
3.612890 0.010464
3.613878 0.010461
3.614483 0.010460
3.614483 0.010460
3.614812 0.010458
3.615332 0.010454
3.615332 0.010454
3.616731 0.010447
3.618077 0.010443
3.618214 0.010441
3.618214 0.010441
3.619421 0.010431
3.619749 0.010432
3.619887 0.010429
3.620732 0.010429
3.620732 0.010429
3.620732 0.010429
3.621886 0.010430
3.621886 0.010430
3.622540 0.010426
3.623521 0.010429
3.623521 0.010429
3.623521 0.010429
3.624536 0.010424
3.624862 0.010422
3.625052 0.010420
3.625241 0.010420
3.626581 0.010418
3.628022 0.010420
3.629309 0.010418
3.630184 0.010418
3.630372 0.010416
3.630372 0.010416
3.630372 0.010416
3.630560 0.010416
3.630748 0.010414
3.632034 0.010415
3.632034 0.010415
3.632034 0.010415
3.633059 0.010404
3.633297 0.010402
3.633484 0.010400
3.633809 0.010399
3.633809 0.010399
3.633809 0.010399
3.634681 0.010393
3.634681 0.010393
3.635691 0.010396
3.635691 0.010396
3.635691 0.010396
3.636289 0.010395
3.636202 0.010392
3.636389 0.010392
3.637360 0.010384
3.637360 0.010384
3.637596 0.010385
3.638790 0.010386
3.638790 0.010386
3.640257 0.010379
3.640257 0.010379
3.640443 0.010380
3.641362 0.010374
3.641685 0.010372
3.642467 0.010367
3.643062 0.010368
3.643248 0.010369
3.643248 0.010369
3.643706 0.010365
3.645033 0.010363
3.645033 0.010363
3.645628 0.010362
3.645725 0.010357
3.645774 0.010355
3.646416 0.010351
3.646416 0.010351
3.646874 0.010350
3.647243 0.010343
3.648295 0.010343
3.648295 0.010343
3.648295 0.010343
3.648663 0.010339
3.649120 0.010337
3.650443 0.010339
3.650763 0.010334
3.650763 0.010334
3.650675 0.010334
3.650995 0.010332
3.652138 0.010325
3.653139 0.010322
3.653459 0.010323
3.655553 0.010324
3.656054 0.010325
3.656237 0.010323
3.656237 0.010323
3.656828 0.010325
3.658056 0.010320
3.658374 0.010313
3.658556 0.010314
3.659011 0.010315
3.659011 0.010315
3.659011 0.010315
3.659011 0.010315
3.659600 0.010314
3.659600 0.010314
3.659918 0.010310
3.660508 0.010311
3.660644 0.010309
3.660644 0.010309
3.660644 0.010309
3.661190 0.010300
3.661507 0.010301
3.661960 0.010302
3.662096 0.010300
3.662685 0.010302
3.663862 0.010294
3.664586 0.010291
3.664586 0.010291
3.666124 0.010285
3.666305 0.010283
3.666667 0.010284
3.667525 0.010281
3.667525 0.010281
3.668654 0.010271
3.668654 0.010271
3.668654 0.010271
3.669828 0.010267
3.670459 0.010268
3.670459 0.010268
3.671316 0.010266
3.672624 0.010269
3.673298 0.010268
3.674466 0.010264
3.674466 0.010264
3.674466 0.010264
3.674510 0.010264
3.674510 0.010264
3.675365 0.010261
3.675365 0.010261
3.675365 0.010261
3.675815 0.010262
3.676129 0.010263
3.676129 0.010263
3.677611 0.010265
3.677611 0.010265
3.679633 0.010263
3.681161 0.010267
3.681161 0.010267
3.681204 0.010262
3.682278 0.010254
3.683309 0.010255
3.683309 0.010255
3.683976 0.010246
3.683976 0.010246
3.684423 0.010245
3.685318 0.010245
3.685318 0.010245
3.685318 0.010245
3.685849 0.010233
3.685849 0.010233
3.685849 0.010233
3.685849 0.010233
3.685891 0.010233
3.686473 0.010230
3.686557 0.010228
3.687407 0.010230
3.687407 0.010230
3.687719 0.010231
3.689822 0.010226
3.691469 0.010226
3.691469 0.010226
3.691469 0.010226
3.692049 0.010225
3.692049 0.010225
3.693167 0.010218
3.693611 0.010219
3.693746 0.010217
3.693921 0.010217
3.694904 0.010212
3.694904 0.010212
3.695348 0.010211
3.695348 0.010211
3.695927 0.010212
3.696371 0.010214
3.696371 0.010214
3.696371 0.010214
3.696371 0.010214
3.696949 0.010215
3.697259 0.010211
3.697703 0.010212
3.697877 0.010210
3.698724 0.010205
3.699570 0.010202
3.699570 0.010202
3.699745 0.010197
3.700322 0.010199
3.701034 0.010193
3.701034 0.010193
3.701034 0.010193
3.701745 0.010195
3.701745 0.010195
3.702456 0.010189
3.702456 0.010189
3.704052 0.010179
3.705164 0.010179
3.705164 0.010179
3.705164 0.010179
3.705164 0.010179
3.705164 0.010179
3.705874 0.010181
3.706584 0.010183
3.706719 0.010181
3.706892 0.010179
3.707602 0.010173
3.707602 0.010173
3.707775 0.010168
3.709154 0.010165
3.709154 0.010165
3.709729 0.010164
3.709729 0.010164
3.710304 0.010163
3.710304 0.010163
3.710343 0.010160
3.710343 0.010160
3.711531 0.010158
3.711531 0.010158
3.712144 0.010150
3.712584 0.010151
3.714572 0.010134
3.714706 0.010132
3.715146 0.010131
3.715623 0.010129
3.716196 0.010128
3.716196 0.010128
3.716196 0.010128
3.716635 0.010127
3.716941 0.010128
3.718504 0.010125
3.719209 0.010124
3.719209 0.010124
3.719380 0.010122
3.719818 0.010123
3.720790 0.010123
3.720694 0.010123
3.721399 0.010125
3.721399 0.010125
3.723416 0.010118
3.724290 0.010120
3.725297 0.010118
3.725297 0.010118
3.725370 0.010116
3.726013 0.010113
3.726049 0.010113
3.726752 0.010112
3.726752 0.010112
3.727987 0.010110
3.727987 0.010110
3.727987 0.010110
3.728423 0.010109
3.728423 0.010109
3.728726 0.010107
3.730262 0.010102
3.731399 0.010102
3.731399 0.010102
3.732100 0.010099
3.733067 0.010097
3.733200 0.010095
3.733369 0.010095
3.733369 0.010095
3.733670 0.010091
3.735142 0.010088
3.735142 0.010088
3.735744 0.010079
3.736779 0.010075
3.736779 0.010075
3.737346 0.010076
3.737646 0.010077
3.737849 0.010073
3.737849 0.010073
3.738651 0.010070
3.738819 0.010070
3.738819 0.010070
3.738986 0.010071
3.738986 0.010071
3.740382 0.010072
3.740053 0.010071
3.741148 0.010069
3.741448 0.010070
3.741448 0.010070
3.741448 0.010070
3.741880 0.010069
3.742444 0.010068
3.742444 0.010068
3.743274 0.010067
3.743739 0.010061
3.745166 0.010048
3.745332 0.010046
3.745565 0.010044
3.745599 0.010042
3.745599 0.010042
3.745633 0.010042
3.746660 0.010042
3.746660 0.010042
3.746660 0.010042
3.746825 0.010043
3.746727 0.010042
3.747654 0.010038
3.748547 0.010025
3.749967 0.010024
3.750264 0.010023
3.750693 0.010016
3.752739 0.010017
3.753432 0.010016
3.753564 0.010014
3.754949 0.010018
3.755377 0.010017
3.755377 0.010017
3.755377 0.010017
3.755837 0.010013
3.756429 0.010007
3.756857 0.010009
3.756857 0.010009
3.757020 0.010009
3.757020 0.010009
3.757448 0.010008
3.757448 0.010008
3.757480 0.010005
3.757480 0.010005
3.757644 0.010003
3.758071 0.010000
3.758203 0.009998
3.758203 0.009998
3.758530 0.009996
3.758530 0.009996
3.758530 0.009996
3.759484 0.009989
3.760174 0.009988
3.761027 0.009983
3.761516 0.009977
3.761679 0.009978
3.762531 0.009978
3.762531 0.009978
3.764435 0.009971
3.764435 0.009971
3.764435 0.009971
3.764466 0.009971
3.765843 0.009975
3.765843 0.009975
3.765843 0.009975
3.766005 0.009973
3.766693 0.009974
3.766693 0.009974
3.767411 0.009967
3.768362 0.009967
3.768362 0.009967
3.768655 0.009965
3.769079 0.009964
3.769898 0.009964
3.770746 0.009964
3.770746 0.009964
3.770877 0.009961
3.770645 0.009961
3.771361 0.009958
3.771361 0.009958
3.772954 0.009955
3.772954 0.009955
3.773013 0.009953
3.773174 0.009953
3.774705 0.009948
3.774705 0.009948
3.775419 0.009945
3.776235 0.009947
3.777050 0.009947
3.777050 0.009947
3.777632 0.009948
3.777530 0.009948
3.778476 0.009946
3.778374 0.009945
3.778927 0.009942
3.779479 0.009939
3.779770 0.009937
3.780191 0.009938
3.780220 0.009938
3.780146 0.009938
3.780146 0.009938
3.781250 0.009932
3.781671 0.009930
3.781859 0.009926
3.781859 0.009926
3.782018 0.009924
3.782046 0.009922
3.782626 0.009919
3.782915 0.009917
3.784278 0.009914
3.784278 0.009914
3.784698 0.009915
3.785248 0.009914
3.785248 0.009914
3.786432 0.009905
3.786981 0.009902
3.786981 0.009902
3.786981 0.009902
3.787661 0.009904
3.787661 0.009904
3.787661 0.009904
3.787661 0.009904
3.788945 0.009895
3.789103 0.009893
3.789391 0.009892
3.789391 0.009892
3.789679 0.009888
3.789679 0.009888
3.789679 0.009888
3.791716 0.009881
3.792003 0.009882
3.793229 0.009885
3.793229 0.009885
3.793647 0.009884
3.793647 0.009884
3.794118 0.009885
3.794275 0.009886
3.794979 0.009880
3.794979 0.009880
3.795942 0.009876
3.796749 0.009876
3.796749 0.009876
3.797426 0.009875
3.797426 0.009875
3.797998 0.009872
3.799064 0.009872
3.799064 0.009872
3.799064 0.009872
3.798960 0.009872
3.799636 0.009867
3.799428 0.009866
3.799325 0.009866
3.799740 0.009865
3.799740 0.009865
3.799740 0.009865
3.799740 0.009865
3.801350 0.009860
3.801350 0.009860
3.801791 0.009856
3.802206 0.009850
3.803476 0.009842
3.803476 0.009842
3.803476 0.009842
3.803476 0.009842
3.803761 0.009838
3.804486 0.009831
3.805030 0.009832
3.805703 0.009834
3.805703 0.009834
3.806531 0.009829
3.806945 0.009828
3.807099 0.009826
3.807926 0.009826
3.807951 0.009824
3.808235 0.009824
3.809887 0.009819
3.809887 0.009819
3.812080 0.009813
3.812209 0.009811
3.812363 0.009812
3.813421 0.009810
3.813575 0.009810
3.813575 0.009810
3.814245 0.009810
3.814245 0.009810
3.814939 0.009807
3.814939 0.009807
3.815738 0.009805
3.816279 0.009806
3.816408 0.009804
3.816561 0.009804
3.816632 0.009800
3.817454 0.009795
3.817865 0.009796
3.817865 0.009796
3.817865 0.009796
3.817759 0.009796
3.818170 0.009792
3.818170 0.009792
3.819249 0.009793
3.819249 0.009793
3.819941 0.009790
3.820351 0.009789
3.820374 0.009787
3.820913 0.009788
3.820913 0.009788
3.821778 0.009790
3.821778 0.009790
3.821778 0.009790
3.822105 0.009787
3.822105 0.009787
3.823439 0.009779
3.823590 0.009774
3.824665 0.009768
3.824665 0.009768
3.826406 0.009764
3.826406 0.009764
3.827737 0.009762
3.827737 0.009762
3.828531 0.009762
3.828660 0.009760
3.829090 0.009761
3.829626 0.009760
3.829626 0.009760
3.829626 0.009760
3.830162 0.009762
3.830569 0.009763
3.831663 0.009757
3.833162 0.009754
3.833569 0.009755
3.833697 0.009753
3.833590 0.009752
3.833868 0.009753
3.834146 0.009754
3.834146 0.009754
3.834146 0.009754
3.834146 0.009754
3.835729 0.009751
3.836798 0.009747
3.836798 0.009747
3.837096 0.009743
3.837096 0.009743
3.837886 0.009741
3.837886 0.009741
3.837886 0.009741
3.838292 0.009740
3.838292 0.009740
3.838441 0.009738
3.838441 0.009738
3.839487 0.009736
3.840405 0.009734
3.840405 0.009734
3.840554 0.009734
3.840574 0.009734
3.840979 0.009733
3.841020 0.009733
3.841424 0.009734
3.841593 0.009730
3.841869 0.009731
3.841869 0.009731
3.842146 0.009725
3.843594 0.009724
3.843870 0.009725
3.844530 0.009720
3.845721 0.009718
3.846764 0.009714
3.846764 0.009714
3.846892 0.009712
3.846892 0.009712
3.846892 0.009712
3.847423 0.009711
3.848996 0.009713
3.848996 0.009713
3.848996 0.009713
3.851099 0.009698
3.851099 0.009698
3.851099 0.009698
3.851099 0.009698
3.851099 0.009698
3.852032 0.009692
3.853786 0.009690
3.853786 0.009690
3.854882 0.009688
3.854900 0.009688
3.855028 0.009686
3.855065 0.009684
3.856104 0.009686
3.856104 0.009686
3.856104 0.009686
3.856505 0.009685
3.856778 0.009686
3.857052 0.009687
3.857580 0.009686
3.857634 0.009684
3.858162 0.009685
3.858162 0.009685
3.858818 0.009687
3.859363 0.009681
3.860400 0.009682
3.860400 0.009682
3.860400 0.009682
3.861182 0.009679
3.861182 0.009679
3.861182 0.009679
3.862253 0.009678
3.862398 0.009674
3.862670 0.009674
3.862942 0.009675
3.863469 0.009670
3.863469 0.009670
3.863740 0.009664
3.864267 0.009663
3.865446 0.009659
3.865446 0.009659
3.866226 0.009659
3.866226 0.009659
3.867404 0.009660
3.867404 0.009660
3.867404 0.009660
3.868200 0.009657
3.868361 0.009656
3.868488 0.009654
3.868759 0.009652
3.868902 0.009650
3.869554 0.009648
3.869554 0.009648
3.869698 0.009644
3.869968 0.009642
3.870366 0.009643
3.870366 0.009643
3.871033 0.009640
3.871160 0.009638
3.871160 0.009638
3.871050 0.009638
3.871447 0.009635
3.872351 0.009628
3.872351 0.009628
3.872875 0.009625
3.872875 0.009625
3.872875 0.009625
3.873145 0.009626
3.873541 0.009623
3.874715 0.009621
3.874715 0.009621
3.875365 0.009618
3.877391 0.009613
3.878308 0.009611
3.878308 0.009611
3.878308 0.009611
3.878592 0.009609
3.879018 0.009604
3.879808 0.009606
3.880582 0.009605
3.881244 0.009603
3.881892 0.009604
3.882033 0.009605
3.882821 0.009602
3.882821 0.009602
3.883624 0.009600
3.884018 0.009601
3.884411 0.009600
3.885592 0.009598
3.886364 0.009594
3.886364 0.009594
3.887402 0.009592
3.887402 0.009592
3.887669 0.009593
3.887669 0.009593
3.888707 0.009587
3.888707 0.009587
3.889478 0.009589
3.889478 0.009589
3.890515 0.009585
3.891159 0.009582
3.891929 0.009584
3.892713 0.009584
3.892713 0.009584
3.892713 0.009584
3.892713 0.009584
3.892713 0.009584
3.892713 0.009584
3.894253 0.009575
3.895274 0.009573
3.895274 0.009573
3.895539 0.009573
3.895539 0.009573
3.895804 0.009572
3.896209 0.009569
3.896725 0.009568
3.897381 0.009565
3.898401 0.009563
3.898401 0.009563
3.898401 0.009563
3.899056 0.009563
3.899069 0.009563
3.899069 0.009563
3.900591 0.009565
3.900591 0.009565
3.901384 0.009566
3.901384 0.009566
3.901899 0.009568
3.902414 0.009569
3.902414 0.009569
3.902816 0.009570
3.902816 0.009570
3.902954 0.009570
3.903218 0.009571
3.903218 0.009571
3.903218 0.009571
3.903356 0.009571
3.903356 0.009571
3.903368 0.009571
3.903380 0.009571
3.903380 0.009571
3.903769 0.009572
3.903769 0.009572
3.903907 0.009573
3.903931 0.009573
3.904218 0.009573
3.904254 0.009574
3.904391 0.009574
3.904391 0.009574
3.904553 0.009574
3.904553 0.009574
3.904553 0.009574
3.904577 0.009574
3.904350 0.009574
3.904249 0.009574
3.904762 0.009575
3.904762 0.009575
3.905024 0.009575
3.904786 0.009575
3.904446 0.009574
3.904458 0.009574
3.904345 0.009574
3.904106 0.009573
3.904005 0.009573
3.903529 0.009572
3.903791 0.009572
3.903791 0.009572
3.903690 0.009572
3.903690 0.009572
3.903452 0.009572
3.903452 0.009572
3.903214 0.009571
3.903101 0.009571
3.903238 0.009571
3.903238 0.009571
3.903000 0.009570
3.902561 0.009569
3.902561 0.009569
3.902561 0.009569
3.901124 0.009566
3.900412 0.009564
3.899825 0.009563
3.899825 0.009563
3.899588 0.009562
3.899588 0.009562
3.899351 0.009561
3.899364 0.009562
3.899364 0.009562
3.899127 0.009561
3.898890 0.009560
3.898654 0.009560
3.898292 0.009559
3.897931 0.009558
3.898069 0.009558
3.897832 0.009558
3.897832 0.009558
3.897845 0.009558
3.897845 0.009558
3.896762 0.009555
3.895195 0.009551
3.894115 0.009549
3.894003 0.009548
3.894003 0.009548
3.893657 0.009548
3.893657 0.009548
3.892577 0.009545
3.892577 0.009545
3.891858 0.009543
3.891499 0.009542
3.888365 0.009535
3.887896 0.009533
3.887896 0.009533
3.887896 0.009533
3.887896 0.009533
3.887303 0.009532
3.887303 0.009532
3.886462 0.009530
3.885746 0.009528
3.883104 0.009522
3.881908 0.009519
3.875433 0.009503
3.875077 0.009502
3.870661 0.009491
3.863625 0.009474
3.858515 0.009461
3.857688 0.009459
