0.001000 0.000000
0.023781 0.023781
0.044395 0.044395
0.049958 0.049958
0.050601 0.050601
0.048054 0.048054
0.056049 0.056049
0.063035 0.063035
0.070145 0.070145
0.075598 0.075598
0.079968 0.079968
0.138462 0.115385
0.138408 0.126874
0.187050 0.146968
0.229167 0.168056
0.277108 0.169344
0.288889 0.167251
0.298507 0.164179
0.333333 0.174603
0.350649 0.167702
0.361789 0.165820
0.371094 0.163281
0.364286 0.154121
0.378378 0.154154
0.378738 0.148790
0.378549 0.138801
0.380000 0.134839
0.394444 0.135590
0.396122 0.136167
0.413333 0.129905
0.414698 0.126713
0.416465 0.123814
0.419277 0.121370
0.433486 0.119209
0.430085 0.115389
0.423387 0.110887
0.426559 0.109120
0.444664 0.108696
0.450098 0.107632
0.456480 0.106836
0.461248 0.105703
0.466667 0.104762
0.466055 0.102532
0.468864 0.101128
0.472072 0.099861
0.486631 0.100999
0.489547 0.099723
0.493056 0.098611
0.513652 0.099126
0.517007 0.098053
0.530988 0.098998
0.533003 0.097717
0.536825 0.096804
0.533871 0.094719
0.541667 0.094577
0.554348 0.093813
0.564815 0.094136
0.571646 0.093852
0.571646 0.093852
0.575342 0.091721
0.578788 0.090952
0.583582 0.090414
0.581979 0.088914
0.582173 0.086539
0.584722 0.085759
0.589779 0.085363
0.589779 0.085363
0.593540 0.083704
0.601325 0.083729
0.602614 0.082859
0.606410 0.082352
0.610191 0.081855
0.617722 0.080892
0.618987 0.080104
0.622951 0.079680
0.622665 0.078728
0.622991 0.077874
0.626847 0.077476
0.629405 0.076927
0.630751 0.076245
0.629630 0.075282
0.633017 0.074873
0.640330 0.074932
0.643192 0.074475
0.653891 0.074153
0.657803 0.074596
0.658960 0.073965
0.660440 0.072648
0.662677 0.072173
0.668472 0.072090
0.674946 0.071389
0.675297 0.071426
0.678762 0.070438
0.680467 0.069955
0.681866 0.069449
0.683598 0.068987
0.685985 0.068599
0.689076 0.068287
0.691268 0.067892
0.691589 0.067924
0.702454 0.067781
0.704684 0.067405
0.704684 0.067405
0.707614 0.066528
0.707614 0.066528
0.720884 0.066081
0.722445 0.065677
0.724000 0.065279
0.727817 0.065089
0.731949 0.064931
0.740777 0.065188
0.743491 0.064908
0.747834 0.064773
0.750719 0.064515
0.751916 0.064618
0.754269 0.063823
0.761054 0.063421
0.766417 0.063388
0.768007 0.063045
0.769444 0.062695
0.769444 0.062695
0.771719 0.061963
0.772853 0.062054
0.774401 0.061284
0.775529 0.060934
0.777169 0.060630
0.780200 0.060438
0.784491 0.060345
0.786164 0.060054
0.787253 0.060137
0.792889 0.059738
0.793286 0.058960
0.803163 0.059294
0.805944 0.059103
0.809154 0.058945
0.808950 0.058930
0.807167 0.058032
0.808312 0.057737
0.810330 0.057881
0.810447 0.057516
0.814012 0.057033
0.815987 0.056452
0.820300 0.056396
0.829208 0.056654
0.830173 0.056720
0.831553 0.056117
0.833469 0.055903
0.835616 0.055708
0.837490 0.055496
0.839228 0.055279
0.841091 0.055071
0.846890 0.055123
0.851587 0.055103
0.852381 0.054832
0.856577 0.054781
0.856577 0.054781
0.862668 0.054536
0.863565 0.054281
0.868235 0.053958
0.871574 0.053861
0.874903 0.053765
0.874903 0.053765
0.876553 0.053567
0.878295 0.053377
0.879938 0.053477
0.880952 0.052666
0.882759 0.052774
0.883295 0.052238
0.885084 0.052064
0.891912 0.052186
0.895678 0.051855
0.895678 0.051855
0.899703 0.051545
0.901408 0.051376
0.903775 0.051245
0.905465 0.051078
0.905465 0.051078
0.907421 0.050668
0.909489 0.050527
0.911743 0.050398
0.912600 0.050445
0.913768 0.050007
0.916009 0.049882
0.916786 0.049678
0.918455 0.049525
0.919286 0.049328
0.921708 0.049217
0.928017 0.049078
0.928773 0.049118
0.931393 0.048787
0.932831 0.048631
0.932831 0.048631
0.934932 0.048511
0.935661 0.048320
0.939373 0.048061
0.939538 0.047847
0.940299 0.047665
0.940977 0.047480
0.941695 0.047517
0.943320 0.047166
0.943320 0.047166
0.948357 0.046780
0.949062 0.046606
0.950535 0.046471
0.952572 0.046364
0.953364 0.046198
0.952318 0.045945
0.953704 0.046012
0.955175 0.046083
0.958877 0.045661
0.959011 0.045667
0.962362 0.045433
0.964401 0.045335
0.966495 0.045048
0.966516 0.045049
0.973111 0.044976
0.977041 0.044968
0.980940 0.044960
0.982857 0.044861
0.984137 0.044919
0.984781 0.044763
0.985425 0.044608
0.986094 0.044455
0.986751 0.044485
0.988736 0.044033
0.991935 0.043997
0.992574 0.043849
0.994455 0.043582
0.995086 0.043436
0.999388 0.043452
0.999388 0.043452
1.000611 0.043164
1.001222 0.043021
1.001217 0.042854
1.007860 0.042971
1.009668 0.042882
1.010863 0.042767
1.011453 0.042792
1.012048 0.042653
1.013237 0.042379
1.014925 0.042289
1.017836 0.042250
1.018365 0.042113
1.018957 0.041980
1.021289 0.041763
1.022995 0.041678
1.028219 0.041736
1.029965 0.041807
1.030552 0.041677
1.033411 0.041487
1.033411 0.041487
1.035129 0.041255
1.036279 0.041152
1.039067 0.041114
1.040140 0.041009
1.041279 0.040907
1.046632 0.040971
1.048711 0.040907
1.051311 0.040864
1.051311 0.040864
1.053348 0.040513
1.053916 0.040394
1.054989 0.040295
1.056091 0.040337
1.056593 0.040216
1.057660 0.040118
1.060384 0.039946
1.060948 0.039831
1.063170 0.039778
1.065315 0.039724
1.069663 0.039751
1.069624 0.039750
1.071789 0.039563
1.072309 0.039450
1.074177 0.039387
1.077864 0.039390
1.078670 0.039289
1.083928 0.039351
1.084932 0.039257
1.084199 0.039231
1.086790 0.038940
1.087834 0.038851
1.090414 0.038817
1.092291 0.038759
1.092633 0.038646
1.093514 0.038553
1.095032 0.038484
1.098546 0.038484
1.097639 0.038330
1.098660 0.038366
1.101387 0.038218
1.104787 0.038216
1.105096 0.038107
1.105570 0.038123
1.107105 0.038057
1.107994 0.037851
1.109466 0.037784
1.111404 0.037733
1.113864 0.037700
1.114391 0.037602
1.116255 0.037550
1.117709 0.037370
1.121069 0.037369
1.122577 0.037419
1.125914 0.037304
1.127009 0.037229
1.127009 0.037229
1.127913 0.037147
1.132406 0.037073
1.132853 0.036977
1.135593 0.036957
1.137436 0.036908
1.138391 0.036830
1.139642 0.036763
1.140010 0.036667
1.141985 0.036623
1.141913 0.036621
1.142857 0.036651
1.142857 0.036651
1.145251 0.036410
1.146193 0.036230
1.146552 0.036242
1.148354 0.036195
1.149798 0.036136
1.150304 0.036049
1.151010 0.035867
1.151637 0.035785
1.153692 0.035648
1.157214 0.035656
1.158990 0.035611
1.159427 0.035526
1.160335 0.035553
1.162083 0.035410
1.165686 0.035421
1.166748 0.035356
1.167887 0.035197
1.169591 0.035152
1.171860 0.035124
1.173638 0.035177
1.173638 0.035177
1.174526 0.035204
1.175872 0.034958
1.180856 0.034918
1.182429 0.034871
1.183429 0.034807
1.185646 0.034779
1.186124 0.034700
1.186514 0.034620
1.187769 0.034565
1.187769 0.034565
1.187708 0.034381
1.189048 0.034329
1.189524 0.034253
1.191722 0.034227
1.191722 0.034227
1.195549 0.034070
1.198296 0.034060
1.201796 0.034072
1.202830 0.034013
1.203582 0.034034
1.206215 0.033934
1.206118 0.033932
1.208353 0.033822
1.209193 0.033759
1.211439 0.033822
1.211439 0.033822
1.213583 0.033711
1.214652 0.033571
1.215119 0.033500
1.216884 0.033464
1.217979 0.033411
1.220102 0.033386
1.221860 0.033351
1.225522 0.033368
1.226957 0.033407
1.227420 0.033337
1.227210 0.033250
1.227714 0.033181
1.228994 0.033135
1.232751 0.033074
1.239101 0.033163
1.239120 0.033003
1.244526 0.033067
1.246582 0.033042
1.247502 0.032987
1.247278 0.032981
1.249887 0.032971
1.251805 0.032864
1.253045 0.032896
1.254054 0.032766
1.255290 0.032799
1.257386 0.032698
1.258382 0.032647
1.258382 0.032647
1.259607 0.032602
1.259607 0.032602
1.260831 0.032480
1.262829 0.032380
1.262829 0.032380
1.263815 0.032255
1.265033 0.032211
1.265479 0.032148
1.269333 0.032098
1.269658 0.032106
1.269862 0.032038
1.273130 0.031974
1.274657 0.031939
1.275420 0.031958
1.277066 0.031999
1.277827 0.031873
1.279029 0.031831
1.285400 0.031845
1.286529 0.031873
1.286968 0.031813
1.286842 0.031810
1.288217 0.031701
1.289278 0.031656
1.289336 0.031587
1.290957 0.031557
1.290957 0.031557
1.294654 0.031438
1.295830 0.031397
1.296570 0.031346
1.298223 0.031317
1.298617 0.031258
1.301293 0.031254
1.305842 0.031227
1.308287 0.031217
1.310064 0.031192
1.311111 0.031150
1.312126 0.031174
1.314870 0.031104
1.315319 0.031048
1.317312 0.031029
1.317737 0.030972
1.319745 0.030954
1.320930 0.030915
1.323480 0.030909
1.324187 0.030860
1.325179 0.030818
1.325885 0.030769
1.327724 0.030747
1.327724 0.030747
1.327724 0.030747
1.330533 0.030683
1.331515 0.030578
1.333054 0.030549
1.333473 0.030495
1.337234 0.030455
1.337234 0.030455
1.338622 0.030423
1.338622 0.030423
1.342369 0.030320
1.346106 0.030343
1.346522 0.030290
1.348731 0.030278
1.350250 0.030250
1.351351 0.030275
1.351351 0.030275
1.354357 0.030158
1.355869 0.030130
1.359038 0.030140
1.359038 0.030140
1.360398 0.030109
1.362169 0.030088
1.363373 0.029994
1.365773 0.029987
1.367381 0.030022
1.369243 0.029944
1.369914 0.029899
1.371769 0.029880
1.372179 0.029830
1.374846 0.029829
1.374745 0.029768
1.376072 0.029797
1.376989 0.029758
1.378059 0.029723
1.379535 0.029638
1.380545 0.029602
1.382771 0.029535
1.390777 0.029648
1.392886 0.029636
1.395236 0.029629
1.397663 0.029680
1.397663 0.029680
1.398066 0.029631
1.398066 0.029631
1.399356 0.029545
1.400805 0.029462
1.401207 0.029415
1.401850 0.029428
1.402253 0.029381
1.403135 0.029287
1.403213 0.029289
1.404494 0.029150
1.406175 0.029130
1.407051 0.029093
1.411249 0.029125
1.413546 0.029118
1.414479 0.029083
1.415739 0.029109
1.418881 0.029119
1.418881 0.029119
1.419968 0.029087
1.421448 0.029009
1.423092 0.028989
1.425414 0.028876
1.425414 0.028876
1.426824 0.028798
1.427445 0.028758
1.428853 0.028786
1.430315 0.028711
1.432167 0.028696
1.434014 0.028680
1.435857 0.028665
1.436741 0.028631
1.437745 0.028599
1.440141 0.028595
1.440141 0.028595
1.440751 0.028555
1.442578 0.028489
1.442796 0.028493
1.443186 0.028450
1.444055 0.028365
1.448249 0.028397
1.448249 0.028397
1.451011 0.028401
1.451613 0.028412
1.451613 0.028412
1.452150 0.028222
1.452363 0.028176
1.452998 0.028139
1.454790 0.028124
1.459117 0.028109
1.461656 0.028109
1.461656 0.028109
1.461863 0.028064
1.464477 0.028016
1.465063 0.028027
1.465063 0.028027
1.466031 0.027997
1.466082 0.027853
1.467656 0.027883
1.469829 0.027828
1.471212 0.027806
1.472548 0.027784
1.472769 0.027788
1.473744 0.027711
1.473943 0.027668
1.475113 0.027643
1.474953 0.027640
1.477050 0.027585
1.477247 0.027542
1.477820 0.027553
1.481259 0.027523
1.482230 0.027449
1.483738 0.027477
1.485618 0.027465
1.485618 0.027465
1.485992 0.027426
1.486950 0.027352
1.487887 0.027323
1.491261 0.027294
1.491822 0.027259
1.493511 0.027245
1.493511 0.027245
1.495002 0.027227
1.497229 0.027177
1.498523 0.027156
1.499815 0.027135
1.499816 0.027135
1.501105 0.027069
1.501473 0.027031
1.504047 0.027078
1.504047 0.027078
1.504412 0.027040
1.506422 0.026944
1.506603 0.026947
1.506232 0.026941
1.506960 0.026866
1.506960 0.026866
1.509151 0.026819
1.510786 0.026804
1.511696 0.026777
1.512240 0.026744
1.513514 0.026681
1.518033 0.026675
1.521106 0.026686
1.521992 0.026702
1.525953 0.026686
1.527365 0.026711
1.528261 0.026684
1.529327 0.026660
1.529327 0.026660
1.532514 0.026631
1.533021 0.026598
1.533718 0.026527
1.534079 0.026491
1.534968 0.026465
1.538517 0.026485
1.538517 0.026485
1.538517 0.026485
1.540842 0.026442
1.541202 0.026407
1.541891 0.026378
1.544508 0.026381
1.546466 0.026333
1.546466 0.026333
1.547312 0.026307
1.547994 0.026278
1.548445 0.026204
1.548802 0.026170
1.550089 0.026152
1.554054 0.026139
1.555990 0.026131
1.556346 0.026097
1.557214 0.026072
1.558082 0.026087
1.560128 0.026081
1.561658 0.026028
1.561814 0.025991
1.563296 0.025976
1.563296 0.025976
1.565878 0.025980
1.567606 0.025930
1.568462 0.025944
1.568462 0.025944
1.571579 0.025879
1.572833 0.025861
1.574483 0.025888
1.576034 0.025914
1.577677 0.025864
1.579021 0.025847
1.579021 0.025847
1.580713 0.025760
1.581558 0.025774
1.581907 0.025741
1.583188 0.025686
1.583130 0.025647
1.584262 0.025666
1.585451 0.025609
1.585883 0.025579
1.585883 0.025579
1.587070 0.025560
1.589093 0.025518
1.589093 0.025518
1.590767 0.025471
1.593761 0.025445
1.595428 0.025434
1.596260 0.025411
1.596746 0.025382
1.597510 0.025357
1.598827 0.025342
1.599586 0.025317
1.600758 0.025299
1.603508 0.025306
1.604052 0.025279
1.604117 0.025244
1.604045 0.025242
1.605344 0.025263
1.607240 0.025185
1.609082 0.025178
1.609082 0.025178
1.609082 0.025178
1.610827 0.025098
1.611017 0.025065
1.612169 0.025048
1.612169 0.025048
1.613166 0.024993
1.614446 0.024977
1.615254 0.024955
1.619675 0.024953
1.620061 0.024959
1.621540 0.024982
1.621877 0.024952
1.623017 0.024900
1.624621 0.024855
1.625084 0.024862
1.626137 0.024844
1.630749 0.024845
1.631208 0.024852
1.632126 0.024832
1.632126 0.024832
1.632038 0.024762
1.633077 0.024710
1.635452 0.024711
1.635452 0.024711
1.636819 0.024664
1.637850 0.024680
1.638305 0.024687
1.638639 0.024658
1.639760 0.024608
1.641333 0.024631
1.643475 0.024563
1.644164 0.024540
1.646082 0.024535
1.645985 0.024500
1.646123 0.024469
1.647897 0.024463
1.647897 0.024463
1.649007 0.024479
1.649338 0.024451
1.651224 0.024380
1.651555 0.024353
1.652332 0.024332
1.655548 0.024346
1.655662 0.024315
1.656879 0.024269
1.656879 0.024269
1.657435 0.024277
1.657435 0.024277
1.659427 0.024209
1.660421 0.024160
1.663493 0.024172
1.667322 0.024196
1.669065 0.024189
1.669173 0.024191
1.671885 0.024167
1.672211 0.024140
1.673729 0.024130
1.673941 0.024101
1.674373 0.024076
1.674699 0.024049
1.677083 0.024083
1.680104 0.024064
1.680104 0.024064
1.680104 0.024064
1.680858 0.024043
1.681183 0.024017
1.683117 0.023982
1.684501 0.023940
1.684501 0.023940
1.685455 0.023892
1.686408 0.023844
1.688875 0.023848
1.688875 0.023848
1.688875 0.023848
1.688875 0.023848
1.691015 0.023817
1.692506 0.023777
1.695106 0.023753
1.695428 0.023727
1.697622 0.023728
1.697622 0.023728
1.698652 0.023712
1.700000 0.023671
1.700192 0.023644
1.700929 0.023654
1.703455 0.023629
1.703964 0.023607
1.704792 0.023618
1.705525 0.023628
1.705525 0.023628
1.707084 0.023590
1.707815 0.023541
1.708227 0.023518
1.709236 0.023473
1.710560 0.023462
1.714014 0.023480
1.716635 0.023457
1.718167 0.023449
1.718256 0.023450
1.720013 0.023445
1.720505 0.023423
1.721539 0.023408
1.721539 0.023408
1.723203 0.023402
1.724323 0.023388
1.726700 0.023362
1.727416 0.023372
1.727416 0.023372
1.728446 0.023357
1.729874 0.023291
1.729874 0.023291
1.729874 0.023291
1.732098 0.023235
1.732182 0.023237
1.733959 0.023176
1.734355 0.023153
1.734355 0.023153
1.734751 0.023130
1.736875 0.023102
1.737894 0.023116
1.738913 0.023129
1.739307 0.023107
1.740094 0.023061
1.741272 0.023049
1.741664 0.023055
1.742368 0.023036
1.743773 0.022999
1.744714 0.022957
1.744714 0.022957
1.745415 0.022939
1.747130 0.022906
1.747440 0.022883
1.747829 0.022861
1.747985 0.022836
1.752781 0.022844
1.754093 0.022834
1.754164 0.022808
1.755850 0.022803
1.757604 0.022799
1.757911 0.022776
1.759214 0.022766
1.760896 0.022761
1.761890 0.022774
1.763263 0.022765
1.763335 0.022766
1.765840 0.022718
1.766218 0.022723
1.767819 0.022717
1.768572 0.022727
1.768244 0.022696
1.771132 0.022707
1.771411 0.022631
1.773004 0.022625
1.773309 0.022603
1.773683 0.022608
1.776392 0.022590
1.777204 0.022574
1.778554 0.022565
1.779903 0.022556
1.779903 0.022556
1.780577 0.022565
1.782121 0.022507
1.784136 0.022481
1.786017 0.022478
1.786017 0.022478
1.786320 0.022457
1.786320 0.022457
1.788264 0.022430
1.791843 0.022424
1.793718 0.022421
1.794686 0.022434
1.795352 0.022416
1.795352 0.022416
1.797888 0.022372
1.797888 0.022372
1.797949 0.022373
1.799518 0.022342
1.800241 0.022351
1.802228 0.022325
1.802889 0.022308
1.803727 0.022268
1.806481 0.022277
1.806481 0.022277
1.806413 0.022251
1.806828 0.022207
1.808199 0.022199
1.808854 0.022207
1.808854 0.022207
1.811304 0.022212
1.811603 0.022191
1.813079 0.022160
1.814384 0.022127
1.815931 0.022121
1.816637 0.022105
1.817288 0.022113
1.817396 0.022114
1.819535 0.022091
1.819535 0.022091
1.820185 0.022075
1.822024 0.022049
1.822725 0.022033
1.822725 0.022033
1.823722 0.021973
1.824019 0.021952
1.825609 0.021947
1.825609 0.021947
1.826706 0.021960
1.829181 0.021942
1.831754 0.021901
1.832741 0.021913
1.834911 0.021892
1.836536 0.021911
1.838700 0.021913
1.838996 0.021893
1.840224 0.021884
1.841546 0.021876
1.841841 0.021856
1.841935 0.021833
1.845497 0.021828
1.846720 0.021819
1.847647 0.021807
1.847986 0.021811
1.850470 0.021794
1.852363 0.021793
1.852993 0.021800
1.853916 0.021787
1.854209 0.021768
1.854252 0.021745
1.857436 0.021736
1.858982 0.021731
1.862109 0.021744
1.862774 0.021729
1.863398 0.021736
1.865519 0.021715
1.865811 0.021695
1.865811 0.021695
1.867386 0.021691
1.867210 0.021666
1.868413 0.021657
1.870564 0.021659
1.872093 0.021654
1.872421 0.021635
1.872495 0.021613
1.873803 0.021560
1.878876 0.021596
1.878876 0.021596
1.880070 0.021610
1.881842 0.021563
1.881876 0.021563
1.882659 0.021527
1.882982 0.021509
1.883916 0.021519
1.883949 0.021497
1.883983 0.021498
1.886390 0.021458
1.887576 0.021450
1.888473 0.021438
1.888249 0.021435
1.888537 0.021416
1.890009 0.021411
1.890009 0.021411
1.890616 0.021374
1.892724 0.021354
1.892724 0.021354
1.893073 0.021314
1.893421 0.021318
1.894661 0.021288
1.895552 0.021298
1.895582 0.021277
1.896789 0.021269
1.896819 0.021269
1.897994 0.021239
1.898625 0.021224
1.899227 0.021210
1.901658 0.021194
1.901658 0.021194
1.902544 0.021204
1.902544 0.021204
1.902857 0.021207
1.904027 0.021199
1.905510 0.021194
1.906188 0.021137
1.907745 0.021091
1.907745 0.021091
1.908703 0.021080
1.909892 0.021051
1.911957 0.021053
1.912241 0.021035
1.912241 0.021035
1.913191 0.021003
1.914164 0.020972
1.915912 0.020970
1.917091 0.020983
1.918621 0.020958
1.923120 0.020986
1.923986 0.020975
1.923986 0.020975
1.924852 0.020964
1.925436 0.020949
1.925843 0.020912
1.926207 0.020896
1.927630 0.020911
1.927910 0.020894
1.927910 0.020894
1.931392 0.020870
1.932531 0.020882
1.932531 0.020882
1.932531 0.020882
1.932531 0.020882
1.934545 0.020802
1.934862 0.020805
1.935998 0.020777
1.940045 0.020779
1.941537 0.020775
1.942110 0.020761
1.943239 0.020773
1.944954 0.020792
1.946404 0.020767
1.947807 0.020741
1.947807 0.020741
1.948931 0.020713
1.948946 0.020713
1.948682 0.020711
1.948711 0.020691
1.949002 0.020694
1.949279 0.020677
1.952091 0.020647
1.952368 0.020630
1.952368 0.020630
1.953224 0.020600
1.956354 0.020593
1.957194 0.020582
1.957470 0.020566
1.959426 0.020586
1.960011 0.020573
1.961136 0.020584
1.962810 0.020582
1.964482 0.020561
1.964482 0.020561
1.966419 0.020561
1.966419 0.020561
1.966713 0.020525
1.966988 0.020509
1.966997 0.020509
1.968398 0.020465
1.969805 0.020461
1.970911 0.020453
1.971468 0.020420
1.972580 0.020432
1.972869 0.020435
1.972869 0.020435
1.974247 0.020430
1.976725 0.020398
1.976725 0.020398
1.976725 0.020398
1.979486 0.020350
1.980312 0.020339
1.981957 0.020337
1.983055 0.020311
1.984708 0.020309
1.985804 0.020320
1.985535 0.020317
1.986357 0.020307
1.986630 0.020291
1.987728 0.020264
1.988550 0.020235
1.988831 0.020238
1.991290 0.020244
1.991290 0.020244
1.992109 0.020215
1.994018 0.020197
1.994564 0.020203
1.995653 0.020195
1.995926 0.020198
1.996742 0.020188
2.000813 0.020173
2.001895 0.020166
2.003787 0.020166
2.004596 0.020174
2.005946 0.020169
2.006216 0.020154
2.006755 0.020141
2.007831 0.020133
2.009987 0.020118
2.010256 0.020103
2.010256 0.020103
2.011063 0.020111
2.012675 0.020090
2.012675 0.020090
2.013473 0.020080
2.014278 0.020070
2.015351 0.020062
2.015621 0.020047
2.017487 0.020011
2.018538 0.020004
2.020666 0.019989
2.022002 0.019984
2.022002 0.019984
2.023337 0.019979
2.025730 0.019985
2.026259 0.019990
2.027324 0.019965
2.028648 0.019978
2.028648 0.019978
2.029168 0.019929
2.029420 0.019914
2.030473 0.019924
2.031793 0.019920
2.032568 0.019892
2.032818 0.019859
2.033609 0.019849
2.034124 0.019854
2.035181 0.019847
2.035181 0.019847
2.035429 0.019814
2.035952 0.019801
2.036475 0.019772
2.038308 0.019772
2.039096 0.019780
2.040637 0.019760
2.041943 0.019755
2.042982 0.019765
2.044297 0.019760
2.045081 0.019751
2.045081 0.019751
2.046129 0.019761
2.048729 0.019734
2.048716 0.019734
2.049497 0.019724
2.050013 0.019712
2.050686 0.019667
2.051201 0.019671
2.051715 0.019642
2.052451 0.019615
2.052964 0.019620
2.055819 0.019613
2.056082 0.019599
2.056316 0.019601
2.056316 0.019601
2.057338 0.019594
2.059133 0.019577
2.060662 0.019558
2.061433 0.019565
2.061321 0.019547
2.061812 0.019535
2.061812 0.019535
2.063089 0.019530
2.063089 0.019530
2.063023 0.019479
2.064263 0.019491
2.064996 0.019464
2.065762 0.019472
2.068750 0.019450
2.069719 0.019459
2.070390 0.019432
2.070649 0.019418
2.071150 0.019423
2.071632 0.019411
2.071632 0.019411
2.072873 0.019389
2.072855 0.019389
2.073575 0.019363
2.073575 0.019363
2.074055 0.019334
2.074812 0.019309
2.075809 0.019318
2.078077 0.019323
2.079090 0.019316
2.079090 0.019316
2.079090 0.019316
2.080858 0.019300
2.082623 0.019267
2.083634 0.019260
2.083893 0.019247
2.083893 0.019247
2.085891 0.019217
2.086620 0.019207
2.086856 0.019210
2.089272 0.019200
2.089997 0.019190
2.090231 0.019176
2.090488 0.019163
2.090979 0.019167
2.092193 0.019147
2.092193 0.019147
2.092426 0.019133
2.093429 0.019126
2.094432 0.019103
2.095666 0.019115
2.098155 0.019122
2.098411 0.019108
2.098822 0.019112
2.100767 0.019082
2.100767 0.019082
2.100767 0.019082
2.102197 0.019064
2.102859 0.019054
2.103237 0.019042
2.103237 0.019042
2.104968 0.019026
2.106388 0.019008
2.106616 0.019010
2.107325 0.018985
2.109049 0.018969
2.112494 0.018985
2.112494 0.018985
2.112494 0.018985
2.112973 0.018974
2.113902 0.018951
2.114380 0.018940
2.114800 0.018913
2.114800 0.018913
2.116544 0.018913
2.116768 0.018900
2.116903 0.018870
2.116903 0.018870
2.119060 0.018874
2.119757 0.018865
2.120455 0.018841
2.121625 0.018836
2.121877 0.018823
2.122603 0.018814
2.123834 0.018825
2.124496 0.018816
2.125661 0.018826
2.127296 0.018810
2.127296 0.018810
2.128270 0.018789
2.129462 0.018769
2.129932 0.018773
2.129932 0.018773
2.132094 0.018762
2.132094 0.018762
2.132563 0.018752
2.133785 0.018762
2.134972 0.018728
2.135942 0.018706
2.138631 0.018715
2.138882 0.018702
2.138847 0.018702
2.138778 0.018687
2.142929 0.018693
2.144070 0.018688
2.144070 0.018688
2.144533 0.018678
2.145459 0.018671
2.146421 0.018665
2.146421 0.018665
2.148130 0.018665
2.148554 0.018654
2.150187 0.018638
2.150896 0.018630
2.150896 0.018630
2.153196 0.018606
2.153655 0.018610
2.153655 0.018610
2.154611 0.018589
2.155318 0.018595
2.155567 0.018582
2.156366 0.018546
2.156366 0.018546
2.156328 0.018545
2.157986 0.018545
2.158821 0.018538
2.159772 0.018517
2.162089 0.018508
2.162336 0.018496
2.162750 0.018485
2.163452 0.018491
2.164607 0.018487
2.166790 0.018477
2.167941 0.018486
2.170485 0.018465
2.170485 0.018465
2.170894 0.018440
2.171098 0.018442
2.172490 0.018439
2.172736 0.018427
2.173432 0.018433
2.173432 0.018433
2.173432 0.018433
2.173838 0.018408
2.174736 0.018402
2.177019 0.018350
2.179053 0.018353
2.180971 0.018356
2.180971 0.018356
2.180927 0.018341
2.181328 0.018330
2.182264 0.018310
2.182509 0.018298
2.183643 0.018294
2.183643 0.018294
2.185910 0.018299
2.187286 0.018283
2.189348 0.018286
2.189348 0.018286
2.189348 0.018286
2.189348 0.018286
2.190232 0.018294
2.191801 0.018265
2.192486 0.018243
2.193659 0.018239
2.193659 0.018239
2.193659 0.018239
2.194587 0.018233
2.194587 0.018233
2.197516 0.018216
2.197516 0.018216
2.197516 0.018216
2.197516 0.018216
2.198442 0.018196
2.198685 0.018185
2.200341 0.018185
2.203114 0.018139
2.203695 0.018131
2.203938 0.018119
2.204568 0.018111
2.205247 0.018103
2.206168 0.018097
2.206411 0.018085
2.206553 0.018087
2.207717 0.018083
2.208586 0.018090
2.208586 0.018090
2.210756 0.018081
2.212539 0.018082
2.213214 0.018074
2.213404 0.018062
2.215321 0.018051
2.215563 0.018039
2.215994 0.018030
2.216268 0.018005
2.218335 0.018009
2.219677 0.018020
2.219677 0.018020
2.220106 0.018023
2.220964 0.018017
2.221473 0.017968
2.223906 0.017987
2.224706 0.017954
2.224892 0.017956
2.225690 0.017936
2.226673 0.017931
2.228024 0.017929
2.228927 0.017936
2.230014 0.017918
2.230014 0.017918
2.231045 0.017914
2.231045 0.017914
2.233214 0.017892
2.234058 0.017885
2.235322 0.017883
2.235266 0.017882
2.235448 0.017871
2.235336 0.017857
2.235701 0.017847
2.235827 0.017835
2.236247 0.017838
2.236905 0.017830
2.236905 0.017830
2.238163 0.017802
2.238582 0.017805
2.238888 0.017807
2.240019 0.017804
2.241093 0.017799
2.242223 0.017795
2.242403 0.017797
2.243295 0.017778
2.247689 0.017762
2.249172 0.017748
2.249408 0.017737
2.250946 0.017737
2.250946 0.017737
2.250887 0.017736
2.251477 0.017715
2.252067 0.017707
2.253188 0.017704
2.253837 0.017696
2.254249 0.017687
2.254425 0.017688
2.254837 0.017679
2.256072 0.017663
2.256422 0.017653
2.259242 0.017650
2.259120 0.017649
2.260000 0.017631
2.260000 0.017631
2.261054 0.017614
2.260757 0.017612
2.261810 0.017608
2.262688 0.017615
2.263331 0.017607
2.264381 0.017603
2.264616 0.017592
2.266464 0.017569
2.266464 0.017569
2.267807 0.017568
2.268681 0.017562
2.268681 0.017562
2.268852 0.017551
2.271067 0.017543
2.271409 0.017534
2.271749 0.017536
2.271749 0.017536
2.272387 0.017541
2.272387 0.017541
2.273662 0.017502
2.273896 0.017492
2.274766 0.017486
2.276571 0.017475
2.276571 0.017475
2.277207 0.017468
2.277207 0.017468
2.278478 0.017441
2.281848 0.017443
2.281848 0.017443
2.283916 0.017447
2.283916 0.017447
2.286047 0.017439
2.286778 0.017420
2.286778 0.017420
2.288573 0.017410
2.288605 0.017386
2.288605 0.017386
2.289468 0.017380
2.290098 0.017385
2.290892 0.017391
2.291125 0.017381
2.292915 0.017371
2.292915 0.017371
2.293872 0.017366
2.294664 0.017360
2.295523 0.017366
2.299583 0.017349
2.299583 0.017349
2.300834 0.017335
2.301922 0.017331
2.301922 0.017331
2.302546 0.017336
2.303100 0.017317
2.303100 0.017317
2.305453 0.017299
2.306306 0.017293
2.307479 0.017290
2.308101 0.017295
2.310194 0.017275
2.310194 0.017275
2.310194 0.017275
2.310194 0.017275
2.310353 0.017277
2.311823 0.017288
2.311823 0.017288
2.315390 0.017232
2.316625 0.017241
2.317628 0.017237
2.317785 0.017227
2.320321 0.017211
2.322092 0.017224
2.322092 0.017224
2.322092 0.017224
2.322403 0.017215
2.324089 0.017204
2.324089 0.017204
2.325390 0.017190
2.325390 0.017190
2.325390 0.017190
2.327914 0.017163
2.328297 0.017166
2.330588 0.017171
2.331656 0.017167
2.332419 0.017173
2.332571 0.017163
2.332571 0.017163
2.333105 0.017132
2.333638 0.017136
2.334399 0.017130
2.334399 0.017130
2.335007 0.017123
2.335007 0.017123
2.335007 0.017123
2.335310 0.017103
2.336374 0.017099
2.336602 0.017090
2.339184 0.017074
2.339184 0.017074
2.339412 0.017065
2.341225 0.017044
2.341602 0.017024
2.341752 0.017025
2.341752 0.017025
2.344091 0.017020
2.346346 0.017003
2.346869 0.016995
2.346869 0.016995
2.348584 0.016996
2.350464 0.016999
2.350464 0.016999
2.351517 0.016995
2.351517 0.016995
2.351517 0.016995
2.352116 0.016977
2.352941 0.016961
2.354365 0.016927
2.355415 0.016934
2.356013 0.016939
2.357353 0.016926
2.357498 0.016927
2.358772 0.016925
2.358772 0.016925
2.360867 0.016907
2.361092 0.016898
2.361236 0.016899
2.362652 0.016887
2.364661 0.016901
2.365826 0.016877
2.365969 0.016878
2.366337 0.016880
2.368113 0.016871
2.368113 0.016871
2.368847 0.016877
2.369580 0.016860
2.369580 0.016860
2.370312 0.016854
2.371409 0.016840
2.373178 0.016831
2.373178 0.016831
2.373402 0.016822
2.374131 0.016805
2.374720 0.016809
2.374720 0.016809
2.374944 0.016800
2.374944 0.016800
2.375756 0.016795
2.377519 0.016754
2.377519 0.016754
2.377266 0.016752
2.377852 0.016735
2.379611 0.016726
2.380559 0.016722
2.380559 0.016722
2.380697 0.016723
2.382005 0.016710
2.382917 0.016696
2.382746 0.016684
2.383998 0.016693
2.384273 0.016694
2.385523 0.016682
2.386328 0.016666
2.387405 0.016674
2.387628 0.016665
2.389778 0.016659
2.390049 0.016661
2.390271 0.016652
2.390899 0.016645
2.391700 0.016641
2.392326 0.016634
2.393261 0.016641
2.393839 0.016634
2.395261 0.016602
2.394999 0.016590
2.394912 0.016589
2.396197 0.016598
2.396331 0.016589
2.396376 0.016579
2.396731 0.016581
2.396731 0.016581
2.398543 0.016573
2.400485 0.016565
2.401323 0.016571
2.402116 0.016577
2.402116 0.016577
2.402116 0.016577
2.403304 0.016523
2.403918 0.016506
2.404620 0.016511
2.405233 0.016505
2.406545 0.016504
2.406545 0.016504
2.406716 0.016495
2.406936 0.016486
2.407505 0.016479
2.408772 0.016478
2.408772 0.016478
2.409470 0.016462
2.410386 0.016458
2.411829 0.016437
2.412963 0.016435
2.412963 0.016435
2.413967 0.016422
2.414917 0.016428
2.415920 0.016425
2.417140 0.016423
2.418051 0.016419
2.418269 0.016410
2.418488 0.016402
2.419270 0.016397
2.419306 0.016387
2.419432 0.016388
2.419432 0.016388
2.419777 0.016390
2.420122 0.016392
2.420340 0.016384
2.423773 0.016367
2.423899 0.016368
2.425022 0.016345
2.425022 0.016345
2.426922 0.016338
2.427265 0.016340
2.428851 0.016331
2.428851 0.016331
2.430063 0.016299
2.430063 0.016299
2.430217 0.016300
2.430435 0.016292
2.431211 0.016277
2.433008 0.016279
2.433008 0.016279
2.433377 0.016272
2.433406 0.016262
2.433529 0.016243
2.435009 0.016233
2.435225 0.016225
2.436214 0.016222
2.436214 0.016222
2.436891 0.016216
2.436891 0.016216
2.438771 0.016209
2.438892 0.016210
2.442262 0.016203
2.442839 0.016187
2.443174 0.016190
2.444157 0.016186
2.445809 0.016178
2.445809 0.016178
2.445809 0.016178
2.446144 0.016180
2.447459 0.016169
2.448150 0.016155
2.448053 0.016154
2.448817 0.016140
2.448817 0.016140
2.448817 0.016140
2.449817 0.016127
2.450580 0.016113
2.450580 0.016113
2.451557 0.016119
2.453940 0.016115
2.454487 0.016109
2.456009 0.016119
2.455930 0.016090
2.456261 0.016092
2.457584 0.016082
2.458985 0.016091
2.458985 0.016091
2.458887 0.016090
2.460188 0.016089
2.460963 0.016075
2.460963 0.016075
2.461933 0.016062
2.461933 0.016062
2.463576 0.016054
2.465399 0.016066
2.465613 0.016058
2.466482 0.016054
2.468203 0.016027
2.468857 0.016013
2.469610 0.016018
2.470475 0.016023
2.470475 0.016023
2.471127 0.016018
2.472417 0.016017
2.472417 0.016017
2.474356 0.015992
2.475319 0.015979
2.475319 0.015979
2.475542 0.015971
2.476292 0.015976
2.477790 0.015967
2.477790 0.015967
2.479083 0.015957
2.480900 0.015959
2.480900 0.015959
2.480900 0.015959
2.481112 0.015951
2.482181 0.015939
2.482291 0.015940
2.483898 0.015904
2.485490 0.015905
2.485702 0.015897
2.487304 0.015898
2.487841 0.015901
2.488584 0.015888
2.488692 0.015879
2.489011 0.015881
2.489330 0.015874
2.489546 0.015857
2.491132 0.015858
2.491132 0.015858
2.491450 0.015851
2.491769 0.015853
2.494834 0.015854
2.495573 0.015849
2.496523 0.015856
2.497261 0.015851
2.497577 0.015844
2.498526 0.015832
2.498526 0.015832
2.498526 0.015832
2.499158 0.015799
2.498737 0.015797
2.497897 0.015791
2.499369 0.015782
2.499685 0.015784
2.499685 0.015784
2.500000 0.015777
2.500315 0.015779
2.501575 0.015760
2.501994 0.015754
2.503147 0.015761
2.503985 0.015730
2.506080 0.015726
2.507022 0.015731
2.508901 0.015734
2.509422 0.015738
2.509525 0.015729
2.510563 0.015727
2.510563 0.015727
2.513694 0.015737
2.513903 0.015730
2.514626 0.015707
2.514626 0.015707
2.515866 0.015689
2.518256 0.015695
2.518773 0.015698
2.519499 0.015693
2.519499 0.015693
2.520017 0.015697
2.520742 0.015701
2.521259 0.015687
2.521359 0.015678
2.522599 0.015668
2.523423 0.015673
2.523423 0.015673
2.523423 0.015673
2.523423 0.015673
2.523522 0.015656
2.524037 0.015633
2.524761 0.015629
2.524761 0.015629
2.524860 0.015621
2.526206 0.015620
2.526206 0.015620
2.526195 0.015611
2.527639 0.015603
2.529876 0.015573
2.529876 0.015573
2.531179 0.015563
2.532201 0.015561
2.532201 0.015561
2.532298 0.015562
2.532298 0.015562
2.532188 0.015561
2.533209 0.015550
2.533926 0.015554
2.533926 0.015554
2.534230 0.015556
2.535249 0.015536
2.535552 0.015521
2.536268 0.015525
2.536570 0.015519
2.538096 0.015519
2.539827 0.015504
2.540128 0.015497
2.540919 0.015468
2.541838 0.015473
2.541838 0.015473
2.542739 0.015462
2.543451 0.015457
2.543545 0.015458
2.546576 0.015459
2.547678 0.015458
2.547678 0.015458
2.548593 0.015455
2.548798 0.015447
2.549394 0.015442
2.549692 0.015427
2.550082 0.015413
2.549969 0.015412
2.550267 0.015405
2.551385 0.015412
2.551385 0.015412
2.553370 0.015399
2.553370 0.015399
2.556306 0.015408
2.557716 0.015399
2.557716 0.015399
2.557716 0.015399
2.558011 0.015393
2.558715 0.015397
2.558715 0.015397
2.558715 0.015397
2.560213 0.015389
2.563432 0.015383
2.563432 0.015383
2.563725 0.015377
2.565306 0.015353
2.565803 0.015356
2.566503 0.015360
2.567000 0.015355
2.567000 0.015355
2.567380 0.015340
2.568576 0.015339
2.570061 0.015323
2.570061 0.015323
2.571545 0.015315
2.572650 0.015305
2.573230 0.015300
2.573230 0.015300
2.573724 0.015303
2.574014 0.015305
2.575407 0.015280
2.575610 0.015273
2.576102 0.015276
2.575868 0.015275
2.575868 0.015275
2.577110 0.015257
2.577688 0.015244
2.577688 0.015244
2.577773 0.015245
2.579481 0.015239
2.579481 0.015239
2.580462 0.015236
2.580462 0.015236
2.580952 0.015231
2.581155 0.015224
2.582455 0.015215
2.582658 0.015208
2.583316 0.015196
2.584615 0.015195
2.585307 0.015200
2.585307 0.015200
2.585307 0.015200
2.586820 0.015176
2.587914 0.015174
2.587914 0.015174
2.588045 0.015175
2.588247 0.015168
2.588936 0.015156
2.589506 0.015143
2.590075 0.015139
2.592339 0.015128
2.593712 0.015128
2.593712 0.015128
2.594687 0.015117
2.595214 0.015120
2.595578 0.015123
2.597027 0.015115
2.597710 0.015119
2.598956 0.015110
2.599518 0.015098
2.600000 0.015100
2.600000 0.015100
2.600481 0.015103
2.600481 0.015103
2.603006 0.015078
2.603286 0.015080
2.603966 0.015084
2.603966 0.015084
2.604963 0.015058
2.606121 0.015064
2.608157 0.015060
2.608157 0.015060
2.609391 0.015044
2.609868 0.015046
2.611222 0.015038
2.611222 0.015038
2.612974 0.015049
2.613804 0.015045
2.615431 0.015031
2.615982 0.015027
2.617055 0.015033
2.617254 0.015026
2.617254 0.015026
2.617530 0.015020
2.617530 0.015020
2.618204 0.015016
2.618204 0.015016
2.619076 0.015005
2.619076 0.015005
2.620621 0.015006
2.621095 0.015001
2.620971 0.015000
2.620971 0.015000
2.621917 0.014990
2.624056 0.014979
2.624056 0.014979
2.625323 0.014963
2.625323 0.014963
2.626863 0.014964
2.626863 0.014964
2.628129 0.014971
2.628129 0.014971
2.628327 0.014965
2.628327 0.014965
2.629394 0.014963
2.629394 0.014963
2.629394 0.014963
2.630064 0.014944
2.631130 0.014950
2.631401 0.014951
2.631401 0.014951
2.631401 0.014951
2.633803 0.014911
2.633875 0.014911
2.634741 0.014901
2.636075 0.014885
2.637426 0.014878
2.637696 0.014879
2.639351 0.014889
2.639620 0.014875
2.640483 0.014872
2.640483 0.014872
2.641021 0.014860
2.641021 0.014860
2.641487 0.014863
2.644339 0.014841
2.645072 0.014845
2.645072 0.014845
2.646467 0.014830
2.647987 0.014838
2.648254 0.014832
2.648718 0.014827
2.650631 0.014823
2.651685 0.014814
2.652611 0.014819
2.653861 0.014819
2.653861 0.014819
2.655111 0.014810
2.655111 0.014810
2.656035 0.014801
2.656564 0.014781
2.656238 0.014779
2.656570 0.014781
2.658541 0.014770
2.659729 0.014769
2.659733 0.014769
2.659733 0.014769
2.662091 0.014774
2.662287 0.014768
2.663465 0.014767
2.663465 0.014767
2.663923 0.014762
2.663923 0.014762
2.664969 0.014753
2.666667 0.014740
2.666667 0.014740
2.667124 0.014743
2.667319 0.014737
2.667776 0.014732
2.667776 0.014732
2.668102 0.014726
2.669470 0.014712
2.669599 0.014705
2.670119 0.014700
2.670574 0.014703
2.671677 0.014680
2.671741 0.014680
2.672780 0.014678
2.673820 0.014669
2.674727 0.014674
2.674727 0.014674
2.676218 0.014668
2.676413 0.014662
2.677061 0.014651
2.677061 0.014651
2.677319 0.014645
2.679330 0.014648
2.679330 0.014648
2.679649 0.014643
2.679907 0.014637
2.679907 0.014637
2.681199 0.014644
2.682101 0.014627
2.682287 0.014614
2.683382 0.014605
2.683894 0.014594
2.684149 0.014588
2.684599 0.014590
2.684599 0.014590
2.685243 0.014594
2.685498 0.014588
2.686335 0.014592
2.688699 0.014576
2.690849 0.014574
2.691862 0.014579
2.691862 0.014579
2.691862 0.014579
2.691862 0.014579
2.691862 0.014579
2.692308 0.014582
2.692501 0.014576
2.692947 0.014564
2.693645 0.014553
2.694090 0.014555
2.694090 0.014555
2.695233 0.014547
2.695233 0.014547
2.696683 0.014520
2.697320 0.014523
2.697939 0.014505
2.698131 0.014499
2.698324 0.014493
2.698055 0.014484
2.698498 0.014473
2.700846 0.014478
2.702095 0.014478
2.702978 0.014483
2.703419 0.014478
2.703419 0.014478
2.704166 0.014461
2.704990 0.014458
2.705239 0.014452
2.704968 0.014451
2.705984 0.014456
2.705984 0.014456
2.707191 0.014449
2.709906 0.014442
2.710017 0.014436
2.711907 0.014432
2.713110 0.014431
2.713794 0.014428
2.713794 0.014428
2.714422 0.014424
2.715051 0.014421
2.715051 0.014421
2.715105 0.014421
2.715351 0.014422
2.715787 0.014418
2.715787 0.014418
2.715842 0.014411
2.715842 0.014411
2.716769 0.014381
2.717014 0.014369
2.717640 0.014365
2.717640 0.014365
2.718458 0.014363
2.719763 0.014363
2.720305 0.014359
2.720305 0.014359
2.721524 0.014344
2.722148 0.014341
2.722148 0.014341
2.723396 0.014341
2.724400 0.014332
2.724591 0.014326
2.726340 0.014315
2.727152 0.014312
2.727964 0.014317
2.728153 0.014311
2.728153 0.014311
2.729586 0.014305
2.729586 0.014305
2.730777 0.014304
2.730777 0.014304
2.730828 0.014304
2.730828 0.014304
2.730879 0.014305
2.731929 0.014303
2.733409 0.014284
2.733839 0.014279
2.734369 0.014262
2.735367 0.014260
2.735417 0.014254
2.735417 0.014254
2.735656 0.014255
2.736135 0.014251
2.736991 0.014248
2.736991 0.014248
2.737609 0.014252
2.737897 0.014233
2.738136 0.014227
2.738235 0.014221
2.738662 0.014217
2.738712 0.014217
2.739139 0.014219
2.739566 0.014201
2.742264 0.014189
2.742264 0.014189
2.742927 0.014185
2.743730 0.014183
2.744344 0.014186
2.745523 0.014185
2.745383 0.014178
2.747222 0.014174
2.747222 0.014174
2.749294 0.014165
2.749765 0.014167
2.749953 0.014162
2.750376 0.014157
2.750799 0.014159
2.751457 0.014163
2.751033 0.014161
2.751268 0.014155
2.752066 0.014146
2.752066 0.014146
2.752300 0.014147
2.752722 0.014143
2.754784 0.014121
2.756143 0.014121
2.756143 0.014121
2.756143 0.014121
2.758246 0.014112
2.758246 0.014112
2.758898 0.014102
2.760853 0.014099
2.761040 0.014093
2.761228 0.014088
2.761415 0.014082
2.762021 0.014085
2.762528 0.014081
2.765552 0.014090
2.765552 0.014090
2.765552 0.014090
2.766387 0.014082
2.766387 0.014082
2.766990 0.014085
2.766990 0.014085
2.767780 0.014076
2.768470 0.014060
2.772643 0.014061
2.772829 0.014056
2.772829 0.014056
2.772685 0.014055
2.773701 0.014060
2.773701 0.014060
2.773971 0.014055
2.774944 0.014054
2.776683 0.014049
2.776910 0.014051
2.777922 0.014043
2.778707 0.014040
2.779903 0.014046
2.780316 0.014048
2.780316 0.014048
2.780769 0.014031
2.781035 0.014020
2.781035 0.014020
2.781528 0.014016
2.781528 0.014016
2.781528 0.014016
2.782310 0.014007
2.783834 0.013989
2.783834 0.013989
2.783834 0.013989
2.783834 0.013989
2.784430 0.013979
2.784470 0.013980
2.785066 0.013983
2.785066 0.013983
2.785516 0.013978
2.786151 0.013975
2.786151 0.013975
2.786931 0.013966
2.787525 0.013957
2.788120 0.013947
2.787974 0.013946
2.789493 0.013928
2.790865 0.013929
2.790865 0.013929
2.790865 0.013929
2.791459 0.013919
2.793569 0.013911
2.794976 0.013899
2.796344 0.013887
2.796013 0.013885
2.797342 0.013886
2.797342 0.013886
2.800295 0.013882
2.801659 0.013888
2.801843 0.013883
2.802617 0.013887
2.802653 0.013887
2.803058 0.013889
2.804236 0.013889
2.804860 0.013885
2.805632 0.013883
2.806772 0.013889
2.807395 0.013892
2.808166 0.013883
2.808166 0.013883
2.809778 0.013872
2.809961 0.013867
2.811466 0.013868
2.811868 0.013870
2.812454 0.013873
2.815162 0.013855
2.815162 0.013855
2.815562 0.013851
2.816398 0.013843
2.816398 0.013843
2.817015 0.013834
2.817015 0.013834
2.817415 0.013829
2.817415 0.013829
2.818732 0.013836
2.818732 0.013836
2.819131 0.013832
2.820447 0.013826
2.820447 0.013826
2.820630 0.013820
2.823325 0.013815
2.824272 0.013808
2.824272 0.013808
2.825037 0.013811
2.825037 0.013811
2.825037 0.013811
2.825037 0.013811
2.827176 0.013797
2.828519 0.013792
2.828519 0.013792
2.829464 0.013796
2.829464 0.013796
2.829464 0.013796
2.830623 0.013783
2.831019 0.013773
2.831019 0.013773
2.833364 0.013748
2.834884 0.013749
2.834884 0.013749
2.835644 0.013753
2.835644 0.013753
2.836039 0.013755
2.836251 0.013750
2.837798 0.013733
2.838951 0.013733
2.838951 0.013733
2.840255 0.013721
2.840255 0.013721
2.840466 0.013716
2.840677 0.013705
2.841827 0.013705
2.842402 0.013707
2.842795 0.013709
2.844335 0.013705
2.845091 0.013708
2.845846 0.013712
2.845846 0.013712
2.846965 0.013711
2.847747 0.013709
2.848501 0.013701
2.848501 0.013701
2.848529 0.013695
2.849673 0.013682
2.850790 0.013676
2.851932 0.013663
2.853101 0.013663
2.853101 0.013663
2.854034 0.013662
2.854839 0.013660
2.856133 0.013660
2.856133 0.013660
2.856159 0.013654
2.857298 0.013659
2.857298 0.013659
2.858462 0.013659
2.859573 0.013647
2.859960 0.013648
2.859960 0.013648
2.860553 0.013639
2.860734 0.013634
2.862823 0.013621
2.863415 0.013618
2.863415 0.013618
2.863439 0.013618
2.864367 0.013610
2.864572 0.013611
2.865704 0.013611
2.866089 0.013607
2.866498 0.013609
2.867063 0.013611
2.867628 0.013608
2.867628 0.013608
2.867628 0.013608
2.868013 0.013598
2.868421 0.013600
2.868421 0.013600
2.868985 0.013603
2.872501 0.013573
2.874190 0.013569
2.874370 0.013564
2.874753 0.013566
2.874933 0.013561
2.875495 0.013564
2.875495 0.013564
2.876057 0.013566
2.876483 0.013551
2.876483 0.013551
2.878145 0.013541
2.878886 0.013545
2.879468 0.013530
2.879670 0.013525
2.880474 0.013523
2.880474 0.013523
2.881973 0.013519
2.882532 0.013510
2.884167 0.013512
2.884546 0.013514
2.885105 0.013516
2.885842 0.013514
2.887854 0.013512
2.888769 0.013510
2.888610 0.013510
2.889724 0.013498
2.889923 0.013499
2.890678 0.013502
2.890678 0.013502
2.890678 0.013502
2.891094 0.013504
2.892206 0.013498
2.893476 0.013492
2.893476 0.013492
2.893853 0.013488
2.894229 0.013490
2.895376 0.013478
2.895376 0.013478
2.895930 0.013464
2.896127 0.013459
2.896502 0.013455
2.896681 0.013450
2.897056 0.013452
2.898145 0.013451
2.898520 0.013453
2.898967 0.013438
2.899697 0.013436
2.899697 0.013436
2.899697 0.013436
2.900089 0.013426
2.900089 0.013426
2.900481 0.013428
2.903576 0.013414
2.904127 0.013411
2.905761 0.013407
2.905761 0.013407
2.906311 0.013404
2.906150 0.013404
2.906733 0.013395
2.908364 0.013391
2.908364 0.013391
2.909268 0.013384
2.910366 0.013384
2.910366 0.013384
2.911154 0.013382
2.911541 0.013384
2.912088 0.013381
2.912088 0.013381
2.913198 0.013369
2.913198 0.013369
2.913390 0.013364
2.913390 0.013364
2.914483 0.013364
2.914483 0.013364
2.915059 0.013361
2.915605 0.013358
2.916328 0.013350
2.916328 0.013350
2.916873 0.013352
2.919053 0.013329
2.919053 0.013329
2.919053 0.013329
2.920141 0.013317
2.921963 0.013309
2.921963 0.013309
2.922507 0.013306
2.922697 0.013307
2.922887 0.013302
2.924149 0.013308
2.924162 0.013308
2.924907 0.013306
2.924907 0.013306
2.926533 0.013291
2.928144 0.013299
2.929250 0.013282
2.930318 0.013281
2.930318 0.013281
2.931738 0.013277
2.931738 0.013277
2.932630 0.013270
2.932829 0.013265
2.932841 0.013260
2.933380 0.013257
2.933380 0.013257
2.933919 0.013259
2.934282 0.013261
2.935524 0.013256
2.935524 0.013256
2.936237 0.013243
2.936424 0.013243
2.936424 0.013243
2.936962 0.013240
2.939660 0.013231
2.939660 0.013231
2.940558 0.013224
2.940743 0.013220
2.943238 0.013225
2.944133 0.013224
2.944328 0.013219
2.945047 0.013223
2.945766 0.013226
2.947009 0.013231
2.947736 0.013219
2.948619 0.013217
2.949327 0.013210
2.950035 0.013207
2.950035 0.013207
2.951275 0.013207
2.951275 0.013207
2.951807 0.013210
2.951641 0.013209
2.952348 0.013207
2.952348 0.013207
2.952705 0.013209
2.952888 0.013204
2.953784 0.013192
2.953784 0.013192
2.953784 0.013192
2.953618 0.013191
2.954149 0.013188
2.954324 0.013184
2.954506 0.013184
2.955385 0.013172
2.957673 0.013172
2.957673 0.013172
2.957854 0.013173
2.957854 0.013173
2.958558 0.013170
2.958558 0.013170
2.959262 0.013158
2.959262 0.013158
2.959965 0.013155
2.959965 0.013155
2.959965 0.013155
2.960668 0.013148
2.961545 0.013141
2.963832 0.013114
2.963832 0.013114
2.963832 0.013114
2.965937 0.013108
2.965937 0.013108
2.966985 0.013102
2.966985 0.013102
2.968207 0.013107
2.971181 0.013099
2.971533 0.013101
2.972058 0.013103
2.972058 0.013103
2.972410 0.013100
2.973817 0.013090
2.975212 0.013086
2.977824 0.013081
2.978347 0.013084
2.978524 0.013085
2.979221 0.013082
2.979398 0.013083
2.979398 0.013083
2.981139 0.013060
2.981139 0.013060
2.982532 0.013055
2.982881 0.013052
2.982881 0.013052
2.983057 0.013052
2.983405 0.013054
2.983408 0.013054
2.984102 0.013047
2.984969 0.013045
2.984969 0.013045
2.985662 0.013038
2.986185 0.013035
2.986363 0.013036
2.986363 0.013036
2.986363 0.013036
2.988091 0.013028
2.988091 0.013028
2.988091 0.013028
2.988611 0.013025
2.988611 0.013025
2.988783 0.013020
2.990686 0.013003
2.990686 0.013003
2.992414 0.013005
2.992414 0.013005
2.992414 0.013005
2.993451 0.012994
2.994141 0.012992
2.995177 0.012997
2.995177 0.012997
2.995177 0.012997
2.995866 0.012995
2.995866 0.012995
2.997246 0.012975
2.998796 0.012977
3.000000 0.012972
3.000000 0.012972
3.000000 0.012972
3.000688 0.012964
3.001032 0.012961
3.002578 0.012962
3.004295 0.012955
3.005840 0.012956
3.007552 0.012953
3.007552 0.012953
3.008751 0.012954
3.009775 0.012948
3.009775 0.012948
3.010631 0.012941
3.010802 0.012937
3.012168 0.012938
3.012337 0.012934
3.013689 0.012934
3.013858 0.012935
3.014198 0.012931
3.014879 0.012934
3.015387 0.012937
3.015726 0.012928
3.016405 0.012931
3.016405 0.012931
3.018104 0.012938
3.019635 0.012935
3.019635 0.012935
3.019799 0.012930
3.020137 0.012932
3.020645 0.012929
3.021665 0.012918
3.022002 0.012915
3.023359 0.012915
3.023866 0.012917
3.023866 0.012917
3.024033 0.012913
3.024369 0.012910
3.024369 0.012910
3.024872 0.012892
3.025209 0.012888
3.024864 0.012887
3.025030 0.012882
3.025877 0.012876
3.026553 0.012869
3.028076 0.012866
3.028076 0.012866
3.028076 0.012866
3.028581 0.012868
3.029767 0.012863
3.029937 0.012859
3.031117 0.012844
3.031117 0.012844
3.032642 0.012850
3.032642 0.012850
3.032642 0.012850
3.033985 0.012846
3.033985 0.012846
3.033985 0.012846
3.034489 0.012848
3.034659 0.012844
3.034659 0.012844
3.035842 0.012839
3.035842 0.012839
3.035842 0.012839
3.036509 0.012832
3.036509 0.012832
3.037685 0.012832
3.037685 0.012832
3.040041 0.012812
3.040882 0.012811
3.041384 0.012808
3.042387 0.012808
3.042387 0.012808
3.043397 0.012802
3.043397 0.012802
3.044068 0.012805
3.044068 0.012805
3.045401 0.012771
3.046070 0.012769
3.046740 0.012772
3.046909 0.012768
3.046909 0.012768
3.047579 0.012771
3.049086 0.012777
3.050601 0.012774
3.051937 0.012770
3.051937 0.012770
3.054109 0.012759
3.054607 0.012757
3.056945 0.012747
3.057611 0.012750
3.057611 0.012750
3.058277 0.012752
3.059112 0.012751
3.059112 0.012751
3.060284 0.012751
3.060284 0.012751
3.060780 0.012748
3.061107 0.012745
3.062110 0.012739
3.062110 0.012739
3.062943 0.012729
3.063270 0.012730
3.063259 0.012730
3.064239 0.012724
3.064396 0.012720
3.064206 0.012710
3.065543 0.012715
3.067003 0.012702
3.067003 0.012702
3.067968 0.012701
3.068281 0.012703
3.068942 0.012701
3.071080 0.012695
3.071405 0.012687
3.071573 0.012683
3.072065 0.012680
3.072052 0.012680
3.072508 0.012682
3.072987 0.012679
3.073465 0.012676
3.074459 0.012676
3.074459 0.012676
3.074459 0.012676
3.075117 0.012674
3.075117 0.012674
3.075272 0.012674
3.077078 0.012658
3.077078 0.012658
3.077387 0.012650
3.077541 0.012646
3.078520 0.012650
3.079176 0.012653
3.080321 0.012634
3.081144 0.012632
3.081144 0.012632
3.084267 0.012636
3.084267 0.012636
3.084434 0.012632
3.084434 0.012632
3.085089 0.012625
3.085714 0.012623
3.086688 0.012617
3.087828 0.012613
3.087980 0.012613
3.088741 0.012612
3.089545 0.012610
3.089545 0.012610
3.089863 0.012612
3.090500 0.012610
3.090500 0.012610
3.090500 0.012610
3.091318 0.012608
3.091485 0.012604
3.091485 0.012604
3.092136 0.012598
3.092954 0.012592
3.094739 0.012580
3.094739 0.012580
3.094889 0.012576
3.095206 0.012573
3.095373 0.012569
3.095856 0.012562
3.095856 0.012562
3.096672 0.012565
3.098205 0.012562
3.099186 0.012561
3.100299 0.012552
3.100448 0.012552
3.101062 0.012550
3.101875 0.012549
3.102041 0.012545
3.102041 0.012545
3.102985 0.012540
3.103300 0.012541
3.103465 0.012537
3.104277 0.012536
3.105254 0.012530
3.105254 0.012530
3.105900 0.012528
3.106379 0.012526
3.106545 0.012522
3.106545 0.012522
3.107356 0.012525
3.108332 0.012515
3.108976 0.012518
3.109272 0.012510
3.109897 0.012508
3.109897 0.012508
3.109879 0.012503
3.109879 0.012503
3.110192 0.012500
3.111148 0.012490
3.112599 0.012491
3.112599 0.012491
3.113407 0.012485
3.113884 0.012487
3.114361 0.012485
3.115334 0.012484
3.116287 0.012483
3.116287 0.012483
3.116287 0.012483
3.117093 0.012477
3.117404 0.012474
3.117404 0.012474
3.118997 0.012467
3.121227 0.012462
3.121227 0.012462
3.122197 0.012462
3.122197 0.012462
3.122197 0.012462
3.122361 0.012458
3.123001 0.012460
3.123908 0.012446
3.123908 0.012446
3.123908 0.012446
3.125041 0.012437
3.125041 0.012437
3.125515 0.012434
3.126318 0.012433
3.126584 0.012421
3.127222 0.012423
3.127674 0.012416
3.127817 0.012416
3.128926 0.012416
3.129663 0.012406
3.129806 0.012402
3.131078 0.012403
3.131877 0.012406
3.131877 0.012406
3.132939 0.012401
3.134843 0.012400
3.135312 0.012401
3.135312 0.012401
3.136393 0.012392
3.136676 0.012393
3.136676 0.012393
3.137310 0.012392
3.137310 0.012392
3.137615 0.012388
3.137615 0.012388
3.137779 0.012384
3.139676 0.012374
3.140308 0.012372
3.141103 0.012367
3.141548 0.012368
3.141548 0.012368
3.142343 0.012363
3.142810 0.012360
3.142951 0.012356
3.142951 0.012356
3.144212 0.012357
3.144515 0.012358
3.144492 0.012358
3.145425 0.012357
3.145425 0.012357
3.145891 0.012354
3.146333 0.012347
3.146333 0.012347
3.147126 0.012350
3.147592 0.012343
3.147846 0.012336
3.148704 0.012317
3.148704 0.012317
3.149495 0.012316
3.150261 0.012314
3.150814 0.012299
3.152620 0.012302
3.153245 0.012300
3.153245 0.012300
3.153245 0.012300
3.153245 0.012300
3.154196 0.012299
3.154359 0.012296
3.154359 0.012296
3.155147 0.012290
3.155584 0.012287
3.155671 0.012275
3.155945 0.012276
3.156407 0.012273
3.156407 0.012273
3.156707 0.012274
3.159286 0.012258
3.159209 0.012258
3.160266 0.012258
3.160266 0.012258
3.160266 0.012258
3.160888 0.012252
3.162158 0.012252
3.162158 0.012252
3.162617 0.012254
3.163563 0.012253
3.163563 0.012253
3.164293 0.012239
3.165237 0.012238
3.165669 0.012227
3.165939 0.012224
3.165750 0.012223
3.166532 0.012217
3.166505 0.012213
3.166801 0.012210
3.168040 0.012210
3.168309 0.012211
3.169251 0.012211
3.169251 0.012211
3.169223 0.012206
3.169357 0.012207
3.169653 0.012204
3.170566 0.012207
3.171668 0.012207
3.171641 0.012207
3.171935 0.012204
3.172041 0.012204
3.172041 0.012204
3.172308 0.012201
3.173086 0.012200
3.173219 0.012200
3.175978 0.012177
3.175978 0.012177
3.176272 0.012178
3.176272 0.012178
3.176272 0.012178
3.177474 0.012174
3.177767 0.012167
3.179450 0.012165
3.179421 0.012165
3.180035 0.012167
3.180035 0.012167
3.180460 0.012164
3.181847 0.012166
3.182461 0.012164
3.183395 0.012163
3.183395 0.012163
3.183818 0.012160
3.183978 0.012157
3.184211 0.012158
3.184341 0.012154
3.184793 0.012143
3.185565 0.012142
3.185565 0.012142
3.185536 0.012142
3.186598 0.012133
3.188141 0.012122
3.188752 0.012125
3.188752 0.012125
3.188752 0.012125
3.189813 0.012124
3.189813 0.012124
3.190392 0.012127
3.190392 0.012127
3.190552 0.012123
3.190552 0.012123
3.191002 0.012112
3.191901 0.012111
3.193760 0.012102
3.194529 0.012096
3.194529 0.012096
3.195138 0.012099
3.195843 0.012085
3.195812 0.012085
3.197476 0.012074
3.197572 0.012075
3.197700 0.012071
3.197700 0.012071
3.198627 0.012070
3.198627 0.012070
3.198627 0.012070
3.199393 0.012061
3.199840 0.012062
3.200766 0.012062
3.201372 0.012064
3.201372 0.012064
3.201978 0.012066
3.201978 0.012066
3.203063 0.012066
3.203509 0.012064
3.204274 0.012059
3.204719 0.012044
3.205803 0.012048
3.205803 0.012048
3.208094 0.012048
3.208094 0.012048
3.208347 0.012045
3.208632 0.012042
3.210124 0.012039
3.210124 0.012039
3.210283 0.012036
3.211364 0.012015
3.212059 0.012006
3.212059 0.012006
3.212786 0.012004
3.212786 0.012004
3.213003 0.012005
3.213094 0.012005
3.214422 0.012006
3.214422 0.012006
3.214547 0.012003
3.216474 0.012002
3.216474 0.012002
3.216757 0.012003
3.217040 0.012004
3.217005 0.012000
3.217764 0.012003
3.217764 0.012003
3.218012 0.011991
3.218136 0.011988
3.219582 0.011977
3.220339 0.011976
3.221343 0.011967
3.222099 0.011970
3.222820 0.011965
3.224015 0.011961
3.224454 0.011959
3.225296 0.011962
3.225296 0.011962
3.225296 0.011962
3.225067 0.011957
3.225067 0.011957
3.225592 0.011959
3.225959 0.011948
3.227431 0.011941
3.227882 0.011939
3.228004 0.011939
3.229229 0.011940
3.229229 0.011940
3.230139 0.011939
3.230066 0.011931
3.230309 0.011924
3.230745 0.011926
3.230745 0.011926
3.232756 0.011933
3.232756 0.011933
3.232840 0.011921
3.233590 0.011920
3.233590 0.011920
3.233590 0.011920
3.233590 0.011920
3.233868 0.011909
3.233989 0.011910
3.234110 0.011902
3.234628 0.011896
3.235183 0.011894
3.236486 0.011883
3.237235 0.011882
3.237235 0.011882
3.239045 0.011884
3.240345 0.011881
3.240779 0.011883
3.241055 0.011880
3.241488 0.011874
3.241488 0.011874
3.242705 0.011874
3.242705 0.011874
3.242705 0.011874
3.243451 0.011873
3.243451 0.011873
3.243807 0.011862
3.244552 0.011861
3.244552 0.011861
3.245141 0.011859
3.246043 0.011863
3.246043 0.011863
3.246200 0.011859
3.246631 0.011861
3.246631 0.011861
3.246631 0.011861
3.247612 0.011853
3.247612 0.011853
3.248278 0.011839
3.248552 0.011840
3.248983 0.011838
3.249726 0.011837
3.249804 0.011837
3.250078 0.011834
3.250821 0.011833
3.252345 0.011823
3.253906 0.011805
3.254568 0.011807
3.254841 0.011808
3.255269 0.011810
3.255269 0.011810
3.256322 0.011810
3.256322 0.011810
3.256322 0.011810
3.256594 0.011807
3.257022 0.011809
3.258734 0.011807
3.258734 0.011807
3.259317 0.011805
3.260212 0.011805
3.261025 0.011796
3.261411 0.011797
3.261682 0.011791
3.261682 0.011791
3.261682 0.011791
3.262264 0.011789
3.264321 0.011777
3.265058 0.011776
3.265484 0.011777
3.265287 0.011776
3.266024 0.011771
3.266719 0.011766
3.268376 0.011761
3.268376 0.011761
3.268800 0.011758
3.270002 0.011759
3.270426 0.011760
3.270850 0.011762
3.271005 0.011759
3.271739 0.011761
3.272163 0.011755
3.272967 0.011754
3.273080 0.011751
3.273686 0.011749
3.273686 0.011749
3.273686 0.011749
3.273841 0.011746
3.275039 0.011742
3.275194 0.011739
3.276968 0.011730
3.278122 0.011730
3.279163 0.011730
3.279585 0.011732
3.279585 0.011732
3.280781 0.011732
3.280781 0.011732
3.281511 0.011735
3.281511 0.011735
3.281511 0.011735
3.282353 0.011734
3.283083 0.011737
3.283238 0.011733
3.284344 0.011726
3.284344 0.011726
3.285383 0.011722
3.285493 0.011722
3.286068 0.011717
3.287106 0.011713
3.287944 0.011712
3.287944 0.011712
3.290437 0.011698
3.290437 0.011698
3.291274 0.011694
3.291274 0.011694
3.291274 0.011694
3.292001 0.011689
3.292001 0.011689
3.292001 0.011689
3.292837 0.011688
3.293564 0.011687
3.293564 0.011687
3.293827 0.011684
3.293827 0.011684
3.294816 0.011676
3.294816 0.011676
3.295696 0.011676
3.296422 0.011674
3.298043 0.011669
3.298043 0.011669
3.298767 0.011671
3.298767 0.011671
3.298767 0.011671
3.300216 0.011662
3.300216 0.011662
3.300785 0.011656
3.300893 0.011656
3.301309 0.011650
3.301678 0.011648
3.303016 0.011642
3.303016 0.011642
3.303893 0.011637
3.304475 0.011635
3.305658 0.011640
3.305658 0.011640
3.305658 0.011640
3.305658 0.011640
3.305919 0.011641
3.306286 0.011631
3.307420 0.011624
3.307834 0.011625
3.307988 0.011622
3.307988 0.011622
3.309228 0.011615
3.309228 0.011615
3.309451 0.011608
3.309604 0.011605
3.309863 0.011602
3.310017 0.011599
3.310535 0.011597
3.311408 0.011597
3.311408 0.011597
3.311408 0.011597
3.311408 0.011597
3.311408 0.011597
3.312538 0.011601
3.312538 0.011601
3.313055 0.011591
3.314395 0.011581
3.315064 0.011576
3.315064 0.011576
3.316651 0.011571
3.318495 0.011574
3.318293 0.011573
3.318196 0.011569
3.318759 0.011567
3.319474 0.011559
3.320703 0.011552
3.320856 0.011549
3.320856 0.011549
3.321112 0.011546
3.321674 0.011541
3.323152 0.011542
3.323152 0.011542
3.323152 0.011542
3.323561 0.011537
3.324836 0.011534
3.326263 0.011535
3.326366 0.011535
3.326926 0.011534
3.326926 0.011534
3.329421 0.011535
3.329675 0.011536
3.330641 0.011532
3.330896 0.011529
3.330998 0.011522
3.331404 0.011516
3.332166 0.011519
3.332725 0.011521
3.332725 0.011521
3.332826 0.011518
3.332826 0.011518
3.333080 0.011519
3.333080 0.011519
3.333435 0.011513
3.333435 0.011513
3.335006 0.011511
3.335006 0.011511
3.336778 0.011495
3.336778 0.011495
3.336778 0.011495
3.337840 0.011488
3.338244 0.011490
3.338244 0.011490
3.339101 0.011485
3.339454 0.011487
3.340664 0.011476
3.341168 0.011478
3.341874 0.011477
3.341874 0.011477
3.342628 0.011476
3.342879 0.011466
3.343935 0.011466
3.344034 0.011463
3.344739 0.011465
3.345141 0.011467
3.345694 0.011469
3.345944 0.011466
3.347399 0.011464
3.348148 0.011459
3.348293 0.011449
3.348693 0.011447
3.348693 0.011447
3.348943 0.011444
3.348943 0.011444
3.348943 0.011444
3.349645 0.011446
3.349645 0.011446
3.350445 0.011439
3.350445 0.011439
3.353101 0.011430
3.353252 0.011427
3.353252 0.011427
3.352994 0.011426
3.353491 0.011424
3.354289 0.011420
3.354688 0.011421
3.354785 0.011418
3.355787 0.011418
3.355830 0.011414
3.356627 0.011407
3.357175 0.011408
3.357175 0.011408
3.358476 0.011409
3.358476 0.011409
3.358476 0.011409
3.358476 0.011409
3.358820 0.011410
3.359819 0.011410
3.359819 0.011410
3.359819 0.011410
3.361065 0.011404
3.361011 0.011404
3.361299 0.011398
3.361299 0.011398
3.361996 0.011397
3.361996 0.011397
3.362543 0.011388
3.363090 0.011386
3.363227 0.011373
3.363623 0.011371
3.365711 0.011367
3.365711 0.011367
3.365711 0.011367
3.366256 0.011359
3.366406 0.011356
3.367252 0.011355
3.367252 0.011355
3.367592 0.011356
3.367742 0.011353
3.368682 0.011349
3.370070 0.011351
3.370015 0.011350
3.370109 0.011347
3.370803 0.011346
3.370803 0.011346
3.371797 0.011339
3.371797 0.011339
3.372640 0.011342
3.373671 0.011338
3.373821 0.011335
3.374364 0.011334
3.374364 0.011334
3.374607 0.011328
3.375000 0.011326
3.376291 0.011319
3.376291 0.011319
3.376983 0.011318
3.377226 0.011316
3.379150 0.011315
3.379150 0.011315
3.380774 0.011310
3.380924 0.011307
3.380924 0.011307
3.381109 0.011305
3.381109 0.011305
3.381258 0.011302
3.381799 0.011303
3.382340 0.011302
3.383363 0.011295
3.384294 0.011295
3.385431 0.011298
3.385763 0.011293
3.386303 0.011295
3.386303 0.011295
3.386693 0.011292
3.387679 0.011292
3.387862 0.011293
3.389121 0.011290
3.389121 0.011290
3.389121 0.011290
3.389659 0.011289
3.390858 0.011282
3.391188 0.011283
3.391874 0.011282
3.391874 0.011282
3.391874 0.011282
3.393335 0.011270
3.394408 0.011267
3.394557 0.011264
3.395242 0.011266
3.395242 0.011266
3.395778 0.011268
3.395778 0.011268
3.395867 0.011268
3.395660 0.011268
3.395750 0.011265
3.396285 0.011263
3.396910 0.011251
3.397386 0.011253
3.397386 0.011253
3.398367 0.011249
3.398367 0.011249
3.398456 0.011246
3.399763 0.011241
3.400979 0.011241
3.401453 0.011236
3.401453 0.011236
3.402432 0.011236
3.405245 0.011222
3.405481 0.011219
3.406458 0.011219
3.406842 0.011217
3.407906 0.011214
3.408378 0.011215
3.408465 0.011215
3.409293 0.011215
3.409293 0.011215
3.410146 0.011214
3.410677 0.011213
3.411208 0.011211
3.412182 0.011214
3.412182 0.011214
3.412182 0.011214
3.413008 0.011217
3.413008 0.011217
3.414129 0.011221
3.414129 0.011221
3.414129 0.011221
3.414364 0.011218
3.414980 0.011213
3.414980 0.011213
3.415510 0.011208
3.415891 0.011206
3.416716 0.011202
3.416716 0.011202
3.417774 0.011202
3.417651 0.011202
3.417884 0.011200
3.417884 0.011200
3.418413 0.011198
3.418941 0.011186
3.419088 0.011183
3.420377 0.011171
3.421433 0.011175
3.421433 0.011175
3.422402 0.011171
3.423224 0.011174
3.423224 0.011174
3.423751 0.011169
3.423984 0.011163
3.424805 0.011166
3.424805 0.011166
3.424890 0.011163
3.425121 0.011163
3.425121 0.011163
3.425121 0.011163
3.425121 0.011163
3.425121 0.011163
3.425353 0.011161
3.425438 0.011161
3.427752 0.011146
3.427899 0.011143
3.428277 0.011141
3.429244 0.011140
3.429244 0.011140
3.429244 0.011140
3.430357 0.011134
3.430357 0.011134
3.431491 0.011125
3.432687 0.011119
3.432834 0.011116
3.433211 0.011117
3.433211 0.011117
3.433441 0.011115
3.435076 0.011117
3.435076 0.011117
3.435453 0.011115
3.435683 0.011109
3.436244 0.011101
3.436913 0.011097
3.437142 0.011097
3.437894 0.011093
3.437894 0.011093
3.439232 0.011091
3.439900 0.011090
3.439900 0.011090
3.440504 0.011085
3.440504 0.011085
3.440733 0.011086
3.443029 0.011084
3.443273 0.011085
3.443208 0.011084
3.443436 0.011082
3.443436 0.011082
3.444103 0.011078
3.444103 0.011078
3.445744 0.011076
3.445744 0.011076
3.445744 0.011076
3.445744 0.011076
3.446199 0.011068
3.446134 0.011068
3.446134 0.011068
3.447480 0.011059
3.448372 0.011056
3.449036 0.011058
3.449489 0.011059
3.450299 0.011062
3.450299 0.011062
3.450671 0.011057
3.450460 0.011056
3.451867 0.011051
3.451867 0.011051
3.452239 0.011052
3.453207 0.011042
3.453512 0.011040
3.454175 0.011036
3.456610 0.011034
3.456610 0.011034
3.457709 0.011031
3.457709 0.011031
3.457933 0.011032
3.457933 0.011032
3.457933 0.011032
3.458527 0.011024
3.460364 0.011020
3.460364 0.011020
3.460588 0.011021
3.461471 0.011024
3.461986 0.011022
3.462500 0.011018
3.462734 0.011015
3.463684 0.011015
3.464343 0.011017
3.465515 0.011014
3.465670 0.011008
3.465670 0.011008
3.466551 0.011002
3.466551 0.011002
3.467508 0.010998
3.468968 0.011003
3.469624 0.011002
3.469624 0.011002
3.470136 0.011000
3.470136 0.011000
3.470358 0.011001
3.471014 0.010997
3.472556 0.010986
3.472556 0.010986
3.472632 0.010986
3.472998 0.010984
3.473219 0.010985
3.473219 0.010985
3.473219 0.010985
3.474454 0.010979
3.475405 0.010976
3.475770 0.010974
3.475770 0.010974
3.475846 0.010974
3.476356 0.010973
3.476356 0.010973
3.477154 0.010969
3.477154 0.010969
3.477161 0.010969
3.477959 0.010965
3.477959 0.010965
3.477959 0.010965
3.477959 0.010965
3.478902 0.010962
3.478902 0.010962
3.479486 0.010957
3.480283 0.010951
3.480791 0.010949
3.480791 0.010949
3.482027 0.010950
3.482027 0.010950
3.482535 0.010942
3.482754 0.010943
3.482973 0.010943
3.483769 0.010933
3.483987 0.010931
3.483987 0.010931
3.484062 0.010928
3.485076 0.010928
3.485801 0.010924
3.486596 0.010924
3.486596 0.010924
3.487682 0.010915
3.487682 0.010915
3.488332 0.010913
3.489126 0.010907
3.489126 0.010907
3.489199 0.010907
3.489199 0.010907
3.490137 0.010907
3.490137 0.010907
3.490642 0.010902
3.491291 0.010901
3.491291 0.010901
3.492877 0.010900
3.494245 0.010898
3.494245 0.010898
3.495541 0.010893
3.495901 0.010894
3.496980 0.010891
3.496980 0.010891
3.498562 0.010877
3.499353 0.010877
3.500431 0.010874
3.500431 0.010874
3.500431 0.010874
3.501006 0.010876
3.501006 0.010876
3.501006 0.010876
3.501365 0.010877
3.503159 0.010864
3.503159 0.010864
3.503230 0.010864
3.503158 0.010864
3.503158 0.010864
3.503230 0.010864
3.504233 0.010864
3.504806 0.010860
3.505307 0.010855
3.506523 0.010850
3.506523 0.010850
3.507739 0.010848
3.509096 0.010849
3.509380 0.010850
3.510163 0.010849
3.510303 0.010846
3.511299 0.010843
3.511299 0.010843
3.512296 0.010843
3.512296 0.010843
3.512296 0.010843
3.512150 0.010843
3.512150 0.010843
3.512150 0.010843
3.512362 0.010841
3.513857 0.010833
3.513857 0.010833
3.514498 0.010829
3.514498 0.010829
3.515351 0.010823
3.515489 0.010817
3.516272 0.010816
3.516272 0.010816
3.516272 0.010816
3.516055 0.010816
3.516553 0.010811
3.516621 0.010811
3.517404 0.010814
3.518328 0.010807
3.518962 0.010806
3.519527 0.010805
3.520450 0.010805
3.520450 0.010805
3.520593 0.010802
3.520593 0.010802
3.520445 0.010796
3.521225 0.010792
3.521225 0.010792
3.522847 0.010779
3.522847 0.010779
3.523769 0.010782
3.524189 0.010771
3.524826 0.010770
3.525178 0.010768
3.525814 0.010770
3.526660 0.010770
3.526869 0.010771
3.527647 0.010767
3.527647 0.010767
3.527857 0.010768
3.527857 0.010768
3.527857 0.010768
3.528626 0.010770
3.528626 0.010770
3.530239 0.010763
3.530239 0.010763
3.530239 0.010763
3.531015 0.010759
3.531649 0.010752
3.532132 0.010754
3.531839 0.010750
3.532473 0.010752
3.532398 0.010749
3.532955 0.010750
3.532955 0.010750
3.535345 0.010740
3.535345 0.010740
3.535694 0.010741
3.535694 0.010741
3.538298 0.010743
3.538647 0.010741
3.538647 0.010741
3.538854 0.010742
3.538995 0.010739
3.539343 0.010740
3.540040 0.010736
3.540388 0.010737
3.540388 0.010737
3.540594 0.010732
3.540594 0.010732
3.541508 0.010729
3.541508 0.010729
3.542138 0.010722
3.542962 0.010716
3.542962 0.010716
3.542962 0.010716
3.542809 0.010709
3.543709 0.010697
3.543850 0.010695
3.544903 0.010689
3.545596 0.010685
3.547968 0.010687
3.548879 0.010689
3.548879 0.010689
3.548801 0.010689
3.549774 0.010686
3.549774 0.010686
3.550966 0.010690
3.550966 0.010690
3.552079 0.010687
3.552079 0.010687
3.552079 0.010687
3.552001 0.010687
3.553191 0.010688
3.553191 0.010688
3.553191 0.010688
3.553332 0.010685
3.553332 0.010685
3.553677 0.010683
3.554147 0.010679
3.554836 0.010664
3.554836 0.010664
3.555462 0.010660
3.556369 0.010659
3.556775 0.010658
3.556775 0.010658
3.557040 0.010653
3.557525 0.010651
3.557930 0.010650
3.559444 0.010651
3.559427 0.010651
3.560332 0.010648
3.560332 0.010648
3.560393 0.010648
3.561219 0.010648
3.561219 0.010648
3.561702 0.010646
3.562307 0.010637
3.562307 0.010637
3.562930 0.010636
3.562930 0.010636
3.563131 0.010633
3.563613 0.010635
3.563613 0.010635
3.564297 0.010634
3.564559 0.010626
3.564900 0.010621
3.565443 0.010614
3.565443 0.010614
3.565565 0.010615
3.566447 0.010614
3.567068 0.010611
3.567409 0.010609
3.568029 0.010608
3.568990 0.010611
3.568990 0.010611
3.569050 0.010608
3.569530 0.010609
3.569530 0.010609
3.569670 0.010607
3.570150 0.010605
3.570969 0.010602
3.572767 0.010599
3.573246 0.010600
3.573246 0.010600
3.573246 0.010600
3.573844 0.010593
3.573984 0.010591
3.575080 0.010589
3.575698 0.010582
3.575698 0.010582
3.575698 0.010582
3.576177 0.010580
3.577412 0.010578
3.577412 0.010578
3.577551 0.010576
3.578507 0.010573
3.578984 0.010574
3.579461 0.010570
3.580893 0.010569
3.581230 0.010567
3.582381 0.010565
3.582381 0.010565
3.582381 0.010565
3.582439 0.010565
3.582915 0.010561
3.584146 0.010561
3.584483 0.010560
3.585155 0.010559
3.585155 0.010559
3.585492 0.010557
3.587622 0.010555
3.588571 0.010552
3.588571 0.010552
3.588628 0.010552
3.589241 0.010545
3.589241 0.010545
3.590328 0.010540
3.591080 0.010539
3.591080 0.010539
3.591471 0.010538
3.591471 0.010538
3.591471 0.010538
3.591528 0.010538
3.591585 0.010538
3.591585 0.010538
3.592197 0.010537
3.593477 0.010532
3.593923 0.010531
3.594257 0.010526
3.594257 0.010526
3.594730 0.010525
3.594730 0.010525
3.595895 0.010523
3.596367 0.010518
3.596146 0.010518
3.596146 0.010518
3.596340 0.010518
3.596951 0.010517
3.597089 0.010515
3.597089 0.010515
3.597811 0.010514
3.597867 0.010509
3.598615 0.010508
3.598615 0.010508
3.598615 0.010508
3.598809 0.010509
3.599142 0.010501
3.599751 0.010498
3.600083 0.010499
3.600996 0.010490
3.601328 0.010488
3.601328 0.010488
3.601328 0.010488
3.602545 0.010486
3.604092 0.010477
3.604092 0.010477
3.604754 0.010473
3.605223 0.010466
3.605968 0.010469
3.606990 0.010472
3.606990 0.010472
3.606990 0.010472
3.608119 0.010469
3.608119 0.010469
3.609002 0.010469
3.609140 0.010467
3.609884 0.010466
3.609884 0.010466
3.609884 0.010466
3.609938 0.010466
3.611011 0.010461
3.611671 0.010455
3.612605 0.010455
3.612605 0.010455
3.613539 0.010457
3.614006 0.010459
3.614886 0.010456
3.615215 0.010454
3.615215 0.010454
3.616370 0.010446
3.616752 0.010448
3.616752 0.010448
3.616942 0.010445
3.616942 0.010445
3.618477 0.010439
3.618477 0.010439
3.619356 0.010439
3.619356 0.010439
3.619356 0.010439
3.620234 0.010438
3.620234 0.010438
3.621216 0.010439
3.623848 0.010438
3.624037 0.010436
3.624639 0.010435
3.624639 0.010435
3.625430 0.010434
3.625618 0.010435
3.626700 0.010424
3.626751 0.010424
3.627626 0.010427
3.627626 0.010427
3.627626 0.010427
3.628415 0.010429
3.628740 0.010430
3.628740 0.010430
3.629477 0.010430
3.629391 0.010429
3.630316 0.010424
3.630641 0.010422
3.630641 0.010422
3.630641 0.010422
3.630828 0.010423
3.630828 0.010423
3.630828 0.010423
3.632250 0.010416
3.632387 0.010413
3.632524 0.010411
3.632488 0.010403
3.632950 0.010401
3.633087 0.010399
3.633548 0.010395
3.634420 0.010392
3.635156 0.010392
3.635156 0.010392
3.635890 0.010388
3.636488 0.010387
3.637497 0.010379
3.638554 0.010377
3.639425 0.010377
3.639425 0.010377
3.639562 0.010374
3.639562 0.010374
3.640619 0.010367
3.640805 0.010367
3.641401 0.010366
3.641724 0.010365
3.642320 0.010364
3.642320 0.010364
3.642369 0.010358
3.643238 0.010358
3.643609 0.010357
3.644068 0.010355
3.644068 0.010355
3.644624 0.010351
3.644809 0.010352
3.645950 0.010347
3.646866 0.010347
3.648055 0.010345
3.648191 0.010343
3.648191 0.010343
3.648512 0.010344
3.649652 0.010344
3.650976 0.010340
3.650887 0.010334
3.651664 0.010337
3.652121 0.010335
3.652257 0.010333
3.652257 0.010333
3.652441 0.010331
3.653306 0.010331
3.653726 0.010324
3.653862 0.010322
3.653862 0.010322
3.654318 0.010318
3.654820 0.010319
3.655548 0.010316
3.655548 0.010316
3.655731 0.010316
3.655731 0.010316
3.656322 0.010318
3.657458 0.010319
3.658507 0.010314
3.658507 0.010314
3.658507 0.010314
3.659233 0.010313
3.660277 0.010303
3.661185 0.010305
3.661231 0.010303
3.661641 0.010299
3.662366 0.010295
3.663318 0.010298
3.663318 0.010298
3.663364 0.010298
3.664088 0.010298
3.664405 0.010296
3.665355 0.010296
3.665355 0.010296
3.666260 0.010291
3.666260 0.010291
3.666260 0.010291
3.666847 0.010292
3.666847 0.010292
3.666847 0.010292
3.666847 0.010292
3.667751 0.010292
3.667751 0.010292
3.667751 0.010292
3.669783 0.010282
3.669783 0.010282
3.669783 0.010282
3.669783 0.010282
3.670776 0.010285
3.670776 0.010285
3.671814 0.010283
3.672850 0.010275
3.672850 0.010275
3.672850 0.010275
3.672895 0.010273
3.674557 0.010259
3.674557 0.010259
3.674557 0.010259
3.674736 0.010257
3.674915 0.010252
3.675544 0.010251
3.675544 0.010251
3.676534 0.010254
3.676534 0.010254
3.677119 0.010250
3.677119 0.010250
3.677119 0.010250
3.677568 0.010247
3.678596 0.010242
3.678596 0.010242
3.678774 0.010240
3.679762 0.010240
3.679762 0.010240
3.679762 0.010240
3.680346 0.010239
3.680966 0.010227
3.682039 0.010225
3.682259 0.010218
3.682437 0.010219
3.682437 0.010219
3.683019 0.010220
3.683019 0.010220
3.683551 0.010217
3.683686 0.010214
3.683686 0.010214
3.684444 0.010217
3.685026 0.010213
3.686768 0.010210
3.686768 0.010210
3.687752 0.010210
3.687752 0.010210
3.687887 0.010208
3.689266 0.010202
3.689576 0.010200
3.690198 0.010196
3.690912 0.010198
3.691088 0.010199
3.691222 0.010197
3.692018 0.010196
3.692597 0.010198
3.693661 0.010193
3.693661 0.010193
3.694415 0.010190
3.694993 0.010187
3.695302 0.010182
3.695302 0.010182
3.696014 0.010182
3.696014 0.010182
3.696014 0.010182
3.696323 0.010178
3.696766 0.010179
3.697478 0.010181
3.697478 0.010181
3.698364 0.010176
3.699249 0.010175
3.699249 0.010175
3.700576 0.010174
3.700576 0.010174
3.701327 0.010168
3.701501 0.010166
3.701808 0.010167
3.701808 0.010167
3.702999 0.010165
3.702999 0.010165
3.703481 0.010164
3.704095 0.010166
3.704095 0.010166
3.704804 0.010165
3.704804 0.010165
3.706645 0.010153
3.706645 0.010153
3.707487 0.010155
3.707487 0.010155
3.707659 0.010153
3.707659 0.010153
3.708634 0.010151
3.708768 0.010148
3.709208 0.010147
3.709647 0.010148
3.711461 0.010148
3.711461 0.010148
3.711461 0.010148
3.711461 0.010148
3.711461 0.010148
3.712702 0.010144
3.712702 0.010144
3.712702 0.010144
3.712740 0.010144
3.712740 0.010144
3.713084 0.010140
3.713638 0.010131
3.713771 0.010129
3.713981 0.010130
3.714286 0.010126
3.714286 0.010126
3.714286 0.010126
3.715524 0.010127
3.715524 0.010127
3.715524 0.010127
3.716229 0.010121
3.716229 0.010121
3.716229 0.010121
3.717142 0.010118
3.717275 0.010116
3.717275 0.010116
3.717713 0.010112
3.717751 0.010113
3.719424 0.010107
3.721534 0.010108
3.721875 0.010104
3.722252 0.010100
3.724225 0.010098
3.724225 0.010098
3.725931 0.010095
3.726137 0.010095
3.726137 0.010095
3.727442 0.010092
3.727442 0.010092
3.728046 0.010093
3.728782 0.010090
3.728782 0.010090
3.729615 0.010092
3.729615 0.010092
3.729615 0.010092
3.729615 0.010092
3.730049 0.010094
3.730049 0.010094
3.731280 0.010089
3.731280 0.010089
3.731280 0.010089
3.731280 0.010089
3.731714 0.010088
3.731714 0.010088
3.732015 0.010087
3.732015 0.010087
3.732449 0.010085
3.733183 0.010082
3.733183 0.010082
3.734713 0.010079
3.734713 0.010079
3.734713 0.010079
3.735279 0.010076
3.735314 0.010073
3.735782 0.010069
3.735782 0.010069
3.736214 0.010066
3.736514 0.010062
3.737184 0.010056
3.737881 0.010048
3.737881 0.010048
3.738313 0.010049
3.738612 0.010050
3.738612 0.010050
3.739441 0.010052
3.739441 0.010052
3.739476 0.010052
3.740603 0.010050
3.741632 0.010041
3.741632 0.010041
3.741632 0.010041
3.741436 0.010033
3.742661 0.010029
3.742661 0.010029
3.743224 0.010023
3.743522 0.010022
3.744020 0.010016
3.744020 0.010016
3.744782 0.010010
3.745608 0.010010
3.745608 0.010010
3.745608 0.010010
3.745906 0.010008
3.746204 0.010004
3.746204 0.010004
3.747425 0.010005
3.747855 0.010002
3.748548 0.010001
3.749505 0.010004
3.750462 0.010006
3.751847 0.010000
3.751847 0.010000
3.751847 0.010000
3.752144 0.009996
3.752704 0.009995
3.752836 0.009993
3.753165 0.009991
3.753461 0.009992
3.753889 0.009989
3.754448 0.009988
3.757081 0.009983
3.757081 0.009983
3.757903 0.009985
3.758462 0.009986
3.759052 0.009988
3.759905 0.009985
3.759905 0.009985
3.759905 0.009985
3.760858 0.009983
3.760858 0.009983
3.761711 0.009983
3.761711 0.009983
3.761711 0.009983
3.762400 0.009980
3.762400 0.009980
3.763383 0.009978
3.764729 0.009976
3.765155 0.009975
3.766106 0.009973
3.766531 0.009974
3.766824 0.009972
3.766724 0.009972
3.766724 0.009972
3.767179 0.009966
3.767179 0.009966
3.767897 0.009966
3.768938 0.009959
3.769362 0.009957
3.769362 0.009957
3.769877 0.009954
3.770885 0.009952
3.770885 0.009952
3.770885 0.009952
3.771309 0.009953
3.771309 0.009953
3.771309 0.009953
3.772417 0.009949
3.772417 0.009949
3.772417 0.009949
3.773103 0.009941
3.774210 0.009939
3.774764 0.009941
3.774692 0.009941
3.774984 0.009941
3.774941 0.009936
3.774941 0.009936
3.775232 0.009932
3.775975 0.009930
3.775975 0.009930
3.777531 0.009924
3.777531 0.009924
3.777531 0.009924
3.778243 0.009921
3.779477 0.009918
3.780029 0.009919
3.779927 0.009919
3.779927 0.009919
3.781797 0.009919
3.782609 0.009914
3.783449 0.009914
3.783999 0.009915
3.783999 0.009915
3.783999 0.009915
3.784680 0.009912
3.784838 0.009913
3.785547 0.009905
3.786488 0.009903
3.786488 0.009903
3.786488 0.009903
3.786515 0.009903
3.786990 0.009897
3.786990 0.009897
3.786990 0.009897
3.786887 0.009892
3.787436 0.009889
3.787436 0.009889
3.788246 0.009889
3.788246 0.009889
3.788534 0.009889
3.789631 0.009892
3.789631 0.009892
3.790468 0.009892
3.790495 0.009892
3.791070 0.009894
3.791358 0.009894
3.792296 0.009892
3.792296 0.009892
3.792713 0.009893
3.793130 0.009890
3.794095 0.009883
3.795579 0.009884
3.796775 0.009883
3.796775 0.009883
3.796905 0.009881
3.797452 0.009880
3.797478 0.009880
3.798154 0.009877
3.798154 0.009877
3.798154 0.009877
3.798154 0.009877
3.799636 0.009876
3.800104 0.009870
3.801065 0.009864
3.801220 0.009862
3.801220 0.009862
3.802051 0.009861
3.802051 0.009861
3.802051 0.009861
3.802466 0.009860
3.802881 0.009861
3.803011 0.009859
3.803011 0.009859
3.803425 0.009860
3.803425 0.009860
3.804644 0.009859
3.804644 0.009859
3.804774 0.009857
3.804669 0.009854
3.805498 0.009845
3.806042 0.009846
3.806067 0.009844
3.806506 0.009843
3.807179 0.009840
3.807179 0.009840
3.807334 0.009838
3.807334 0.009838
3.808395 0.009834
3.808524 0.009832
3.809456 0.009830
3.809999 0.009829
3.811108 0.009825
3.811521 0.009824
3.811545 0.009821
3.811545 0.009821
3.812346 0.009823
3.812629 0.009822
3.813689 0.009820
3.813689 0.009820
3.813689 0.009820
3.815160 0.009819
3.815160 0.009819
3.815160 0.009819
3.815701 0.009818
3.815701 0.009818
3.815701 0.009818
3.816501 0.009816
3.816501 0.009816
3.817735 0.009812
3.818710 0.009803
3.818605 0.009803
3.819966 0.009804
3.819966 0.009804
3.819966 0.009804
3.821198 0.009796
3.821996 0.009795
3.821996 0.009795
3.822019 0.009795
3.822019 0.009795
3.822019 0.009795
3.823636 0.009791
3.824432 0.009788
3.824432 0.009788
3.824432 0.009788
3.824432 0.009788
3.825229 0.009783
3.825229 0.009783
3.825358 0.009781
3.825919 0.009774
3.826048 0.009772
3.826350 0.009772
3.826350 0.009772
3.828093 0.009777
3.829190 0.009777
3.829190 0.009777
3.829642 0.009774
3.830179 0.009775
3.830587 0.009774
3.830587 0.009774
3.830759 0.009772
3.830652 0.009772
3.830652 0.009772
3.830932 0.009768
3.831725 0.009763
3.832390 0.009765
3.833333 0.009763
3.834126 0.009763
3.834555 0.009759
3.835347 0.009757
3.835347 0.009757
3.838150 0.009753
3.838428 0.009749
3.838428 0.009749
3.838706 0.009747
3.838706 0.009747
3.839368 0.009747
3.839497 0.009745
3.839153 0.009744
3.839153 0.009744
3.839944 0.009744
3.840477 0.009741
3.841396 0.009739
3.841396 0.009739
3.841396 0.009739
3.842058 0.009740
3.842058 0.009740
3.841822 0.009740
3.842355 0.009736
3.843145 0.009738
3.843145 0.009738
3.843441 0.009735
3.843570 0.009733
3.843570 0.009733
3.843718 0.009731
3.844399 0.009724
3.844419 0.009724
3.845099 0.009723
3.845099 0.009723
3.845099 0.009723
3.845395 0.009722
3.845395 0.009722
3.845671 0.009716
3.846587 0.009707
3.847523 0.009707
3.849373 0.009703
3.849373 0.009703
3.849776 0.009704
3.849776 0.009704
3.849795 0.009704
3.850620 0.009702
3.851828 0.009698
3.853456 0.009702
3.853456 0.009702
3.853456 0.009702
3.854113 0.009701
3.854113 0.009701
3.854260 0.009700
3.854278 0.009697
3.854297 0.009697
3.854954 0.009699
3.854954 0.009699
3.855611 0.009701
3.855611 0.009701
3.856815 0.009695
3.857106 0.009691
3.858291 0.009685
3.858819 0.009684
3.858837 0.009685
3.858837 0.009685
3.859238 0.009683
3.859238 0.009683
3.859783 0.009685
3.859783 0.009685
3.860056 0.009685
3.860056 0.009685
3.860729 0.009680
3.864452 0.009666
3.864452 0.009666
3.864724 0.009664
3.865377 0.009666
3.865377 0.009666
3.866539 0.009666
3.866539 0.009666
3.867320 0.009666
3.867320 0.009666
3.867591 0.009667
3.867591 0.009667
3.867862 0.009667
3.868388 0.009662
3.868659 0.009663
3.868659 0.009663
3.868659 0.009663
3.868946 0.009659
3.869886 0.009653
3.869886 0.009653
3.869698 0.009650
3.869968 0.009646
3.870493 0.009646
3.870493 0.009646
3.871414 0.009641
3.872065 0.009636
3.872192 0.009634
3.872462 0.009633
3.872859 0.009630
3.872859 0.009630
3.873795 0.009628
3.873922 0.009626
3.873922 0.009626
3.873938 0.009624
3.874334 0.009625
3.874334 0.009625
3.874477 0.009625
3.875380 0.009625
3.876157 0.009623
3.876426 0.009621
3.877598 0.009622
3.877598 0.009622
3.877598 0.009622
3.877993 0.009623
3.878024 0.009621
3.878166 0.009619
3.878435 0.009617
3.878719 0.009616
3.878861 0.009614
3.879524 0.009614
3.880552 0.009610
3.880552 0.009610
3.880552 0.009610
3.880597 0.009610
3.881371 0.009607
3.881371 0.009607
3.881639 0.009608
3.881639 0.009608
3.881684 0.009606
3.883780 0.009598
3.884679 0.009596
3.884805 0.009594
3.885325 0.009596
3.885465 0.009596
3.886237 0.009593
3.886237 0.009593
3.887023 0.009595
3.887164 0.009591
3.887164 0.009591
3.887557 0.009588
3.888104 0.009587
3.888104 0.009587
3.888118 0.009583
3.889029 0.009575
3.889547 0.009569
3.889939 0.009568
3.889939 0.009568
3.890079 0.009569
3.890079 0.009569
3.890093 0.009569
3.890611 0.009568
3.890611 0.009568
3.890877 0.009564
3.890891 0.009564
3.890891 0.009564
3.891408 0.009563
3.891800 0.009560
3.891800 0.009560
3.892317 0.009561
3.892835 0.009563
3.893352 0.009562
3.894260 0.009558
3.894260 0.009558
3.894260 0.009558
3.894399 0.009558
3.894525 0.009556
3.894929 0.009557
3.894929 0.009557
3.895445 0.009558
3.896994 0.009549
3.898303 0.009538
3.898303 0.009538
3.899196 0.009538
3.899196 0.009538
3.899987 0.009538
3.900377 0.009536
3.900377 0.009536
3.901683 0.009540
3.901707 0.009540
3.901845 0.009540
3.901845 0.009540
3.902234 0.009541
3.903125 0.009543
3.903137 0.009543
3.903137 0.009543
3.903400 0.009544
3.903400 0.009544
3.903788 0.009545
3.903926 0.009545
3.903812 0.009545
3.904075 0.009545
3.903962 0.009545
3.903974 0.009545
3.903974 0.009545
3.903735 0.009545
3.903873 0.009545
3.903873 0.009545
3.903873 0.009545
3.903873 0.009545
3.903759 0.009545
3.903759 0.009545
3.903897 0.009545
3.904034 0.009545
3.904171 0.009546
3.904171 0.009546
3.904935 0.009548
3.904822 0.009547
3.904357 0.009546
3.904130 0.009546
3.903779 0.009545
3.903803 0.009545
3.903952 0.009545
3.904000 0.009545
3.903524 0.009544
3.902799 0.009542
3.902573 0.009542
3.902348 0.009541
3.901748 0.009540
3.901523 0.009539
3.901523 0.009539
3.901410 0.009539
3.900948 0.009538
3.901210 0.009538
3.901210 0.009538
3.901210 0.009538
3.900037 0.009536
3.900050 0.009536
3.899813 0.009535
3.899826 0.009535
3.899116 0.009533
3.896616 0.009527
3.896380 0.009527
3.896380 0.009527
3.896157 0.009526
3.895326 0.009524
3.895326 0.009524
3.894495 0.009522
3.893776 0.009520
3.893665 0.009520
3.893567 0.009520
3.892972 0.009518
3.892972 0.009518
3.892143 0.009516
3.890832 0.009513
3.890722 0.009513
3.890487 0.009512
3.890253 0.009512
3.890019 0.009511
3.890019 0.009511
3.889660 0.009510
3.888820 0.009508
3.887155 0.009504
3.887155 0.009504
3.886797 0.009503
3.886687 0.009503
3.886687 0.009503
3.886454 0.009502
3.886096 0.009501
3.885258 0.009499
3.885025 0.009499
3.884668 0.009498
3.883721 0.009496
3.882651 0.009493
3.882651 0.009493
3.880390 0.009488
3.880390 0.009488
3.880035 0.009487
3.879323 0.009485
3.878735 0.009483
3.877423 0.009480
3.873844 0.009472
3.870519 0.009463
3.869688 0.009461
3.868505 0.009458
3.868505 0.009458
3.866724 0.009454
3.866371 0.009453
3.866019 0.009452
3.861866 0.009442
3.856775 0.009430
3.856424 0.009429
3.856074 0.009428
