0.001000 0.000000
0.023781 0.023781
0.033870 0.033870
0.038936 0.038936
0.039196 0.039196
0.045025 0.045025
0.052151 0.052151
0.055534 0.055534
0.055536 0.055536
0.059583 0.059583
0.063674 0.063674
0.067464 0.067464
0.064847 0.064847
0.068765 0.068765
0.071410 0.071410
0.079582 0.074608
0.145540 0.121283
0.158879 0.125430
0.188940 0.141705
0.204545 0.146104
0.252137 0.157585
0.270916 0.162550
0.273077 0.157544
0.302721 0.162172
0.317881 0.164421
0.321429 0.160714
0.321767 0.155693
0.336066 0.152757
0.339474 0.149768
0.343590 0.147253
0.355972 0.148322
0.357477 0.148949
0.358974 0.149573
0.368664 0.141794
0.387755 0.141862
0.395034 0.141084
0.410870 0.143327
0.418259 0.142588
0.424116 0.141372
0.426195 0.138977
0.427686 0.139463
0.432323 0.135101
0.440945 0.132283
0.445312 0.130974
0.445489 0.128506
0.450178 0.127409
0.458333 0.125000
0.461412 0.123593
0.464052 0.124300
0.465600 0.120414
0.470588 0.119641
0.475667 0.118917
0.484520 0.117223
0.496160 0.118133
0.499234 0.117008
0.500766 0.115561
0.504559 0.114673
0.509863 0.114149
0.520301 0.114772
0.523238 0.115420
0.529061 0.113370
0.544118 0.114954
0.547307 0.114022
0.550725 0.113163
0.552023 0.111897
0.553648 0.110730
0.561453 0.109374
0.563107 0.108290
0.561518 0.106617
0.570687 0.107004
0.572529 0.106024
0.581749 0.105135
0.583544 0.104204
0.587121 0.103610
0.586121 0.102230
0.587871 0.102536
0.594891 0.101402
0.596364 0.100511
0.598063 0.100797
0.603365 0.099456
0.605735 0.098761
0.611177 0.098577
0.610651 0.097444
0.622532 0.097271
0.624130 0.096515
0.633867 0.097021
0.638920 0.096806
0.646927 0.097039
0.649220 0.096419
0.649611 0.096477
0.651498 0.094878
0.653084 0.094195
0.656044 0.093721
0.658991 0.093253
0.663774 0.092191
0.665222 0.092392
0.667749 0.091892
0.675589 0.091296
0.681098 0.091219
0.683770 0.090766
0.690796 0.090894
0.690796 0.090894
0.692466 0.090322
0.694758 0.089839
0.697746 0.089455
0.697746 0.089455
0.705403 0.088175
0.710394 0.088065
0.717283 0.087474
0.722388 0.087386
0.723046 0.086766
0.722004 0.085953
0.722004 0.085953
0.723529 0.085456
0.724568 0.084252
0.724072 0.083547
0.727273 0.083276
0.733146 0.082686
0.735075 0.082284
0.739450 0.082161
0.740842 0.081711
0.749321 0.082042
0.750000 0.081522
0.751119 0.081056
0.752236 0.080597
0.756250 0.080452
0.760850 0.080372
0.765901 0.079781
0.769366 0.079590
0.771328 0.079246
0.775923 0.079176
0.775923 0.079176
0.782837 0.078809
0.785839 0.079111
0.786713 0.078671
0.791993 0.078157
0.796184 0.078057
0.796184 0.078057
0.799827 0.077403
0.799827 0.077403
0.803770 0.076793
0.809524 0.076854
0.811973 0.076601
0.812447 0.076167
0.814846 0.075917
0.815833 0.075540
0.822554 0.075234
0.825476 0.075043
0.825620 0.075056
0.827415 0.074319
0.828383 0.073963
0.834154 0.074037
0.838319 0.073969
0.839099 0.073605
0.842105 0.073439
0.839683 0.072805
0.843307 0.072283
0.845247 0.072038
0.846395 0.071728
0.848674 0.071517
0.851130 0.071324
0.853147 0.071096
0.858994 0.071187
0.860942 0.070957
0.863533 0.070781
0.863636 0.070790
0.865559 0.070562
0.867470 0.069957
0.869173 0.070095
0.870315 0.069440
0.872754 0.069266
0.873598 0.068968
0.875280 0.069101
0.878720 0.068294
0.880475 0.068431
0.884359 0.068028
0.888643 0.068008
0.889787 0.067750
0.889620 0.067395
0.891226 0.067178
0.891304 0.067184
0.894321 0.066740
0.894176 0.066399
0.894551 0.065776
0.897454 0.065667
0.899647 0.065508
0.905063 0.065584
0.905063 0.065584
0.907303 0.065117
0.906425 0.064745
0.909091 0.064627
0.912111 0.064536
0.916209 0.064522
0.917752 0.064328
0.917752 0.064328
0.920027 0.063891
0.920082 0.063895
0.924068 0.063583
0.925625 0.063690
0.927703 0.063252
0.933468 0.063072
0.938420 0.063122
0.938544 0.062849
0.939333 0.062902
0.941411 0.062483
0.940864 0.062172
0.946570 0.062274
0.947992 0.062096
0.947472 0.061792
0.952972 0.061881
0.954368 0.061705
0.955166 0.061491
0.955844 0.061272
0.956634 0.061062
0.957956 0.060887
0.963273 0.060710
0.964585 0.060793
0.968489 0.060531
0.970475 0.060403
0.971135 0.060194
0.972454 0.060028
0.977114 0.060068
0.980330 0.060020
0.981622 0.059855
0.982944 0.059693
0.984217 0.059770
0.984877 0.059330
0.987445 0.059247
0.987523 0.059015
0.989428 0.058895
0.990093 0.058701
0.990729 0.058739
0.992593 0.058160
0.999387 0.058330
1.000000 0.058140
1.002442 0.058056
1.002442 0.058056
1.004266 0.057938
1.006064 0.057599
1.010303 0.057622
1.010909 0.057438
1.011508 0.057255
1.018051 0.057409
1.019784 0.057291
1.020371 0.057324
1.023270 0.057060
1.024419 0.056912
1.027365 0.056865
1.029115 0.056753
1.029115 0.056753
1.030249 0.056400
1.036406 0.056326
1.038619 0.056243
1.039766 0.056102
1.040327 0.055932
1.041448 0.055992
1.044715 0.055768
1.045217 0.055597
1.046929 0.055491
1.048611 0.055384
1.048611 0.055384
1.049190 0.055221
1.052571 0.055012
1.056128 0.055007
1.057241 0.055065
1.058219 0.054735
1.059761 0.054815
1.060227 0.054464
1.065685 0.054372
1.067346 0.054272
1.069452 0.054195
1.071026 0.054092
1.072635 0.053992
1.072594 0.053990
1.074241 0.053712
1.075070 0.053575
1.076020 0.053445
1.076966 0.053315
1.076281 0.053281
1.078933 0.053237
1.079911 0.053110
1.082548 0.052893
1.087603 0.052968
1.088057 0.052818
1.088816 0.052685
1.090213 0.052583
1.092350 0.052517
1.095913 0.052353
1.099129 0.052339
1.103579 0.052385
1.103467 0.052380
1.104381 0.052258
1.104922 0.052119
1.106969 0.051889
1.106314 0.051858
1.106142 0.051689
1.107104 0.051573
1.107643 0.051439
1.110278 0.051244
1.110754 0.051108
1.110756 0.050952
1.112750 0.050888
1.115364 0.050698
1.118600 0.050692
1.118998 0.050557
1.118626 0.050389
1.119023 0.050406
1.121055 0.050197
1.124099 0.050183
1.125514 0.050097
1.126029 0.049972
1.127692 0.049898
1.127692 0.049898
1.128139 0.049771
1.128586 0.049645
1.129724 0.049405
1.129837 0.049266
1.134888 0.049200
1.138228 0.049203
1.139605 0.049121
1.138749 0.048943
1.141994 0.048943
1.142785 0.048837
1.147147 0.048884
1.147147 0.048884
1.148074 0.048924
1.149000 0.048686
1.150925 0.048631
1.153693 0.048474
1.155070 0.048397
1.155412 0.048276
1.155412 0.048276
1.157320 0.048222
1.158234 0.048126
1.160555 0.048223
1.163286 0.048070
1.166585 0.047942
1.167077 0.047831
1.167980 0.047738
1.168473 0.047628
1.169375 0.047536
1.172803 0.047546
1.173209 0.047434
1.175722 0.047281
1.178397 0.047262
1.180752 0.047230
1.182439 0.047172
1.184211 0.047117
1.184772 0.047015
1.186137 0.046945
1.188798 0.046926
1.189580 0.046957
1.189580 0.046957
1.196933 0.046877
1.196839 0.046874
1.198660 0.046823
1.199331 0.046606
1.200096 0.046515
1.200859 0.046425
1.202194 0.046477
1.202194 0.046477
1.203713 0.046297
1.205408 0.046243
1.205785 0.046258
1.212293 0.046036
1.214353 0.045998
1.216509 0.046080
1.216777 0.045974
1.217882 0.045900
1.221806 0.045818
1.222274 0.045721
1.222534 0.045617
1.223623 0.045544
1.224347 0.045458
1.224347 0.045458
1.227695 0.045358
1.228054 0.045371
1.230162 0.045338
1.231589 0.045279
1.233748 0.045137
1.234562 0.045057
1.235862 0.044995
1.237156 0.044933
1.241332 0.044867
1.241913 0.044781
1.243514 0.044731
1.244313 0.044759
1.246594 0.044627
1.246488 0.044517
1.247623 0.044452
1.247852 0.044460
1.249096 0.044505
1.249548 0.044415
1.252033 0.044189
1.252370 0.044201
1.254398 0.044065
1.254734 0.044077
1.255521 0.044002
1.257207 0.043856
1.257876 0.043778
1.258993 0.043715
1.262662 0.043741
1.265772 0.043748
1.266219 0.043663
1.267889 0.043620
1.268336 0.043536
1.270499 0.043510
1.272687 0.043486
1.275755 0.043393
1.277605 0.043358
1.278369 0.043286
1.279646 0.043231
1.279646 0.043231
1.281746 0.043108
1.283576 0.043073
1.286028 0.043059
1.287276 0.043005
1.289703 0.042990
1.290449 0.043015
1.292428 0.042890
1.294705 0.042871
1.294705 0.042871
1.295011 0.042787
1.296922 0.042756
1.297624 0.042592
1.298965 0.042543
1.300732 0.042415
1.301163 0.042337
1.303226 0.042313
1.304385 0.042259
1.305973 0.042310
1.309013 0.042226
1.309013 0.042226
1.311750 0.042133
1.312902 0.042170
1.314482 0.042041
1.317813 0.042058
1.319812 0.042032
1.320239 0.041957
1.320666 0.041882
1.320956 0.041802
1.320819 0.041798
1.323116 0.041695
1.323116 0.041695
1.323704 0.041626
1.328251 0.041594
1.330380 0.041574
1.330380 0.041574
1.332071 0.041454
1.331931 0.041450
1.334452 0.041443
1.335708 0.041396
1.337657 0.041201
1.339607 0.041176
1.341137 0.041223
1.341830 0.041160
1.342654 0.041018
1.345000 0.041006
1.345417 0.040936
1.348712 0.041036
1.349127 0.040965
1.350477 0.040841
1.355372 0.040907
1.355611 0.040832
1.356966 0.040791
1.357349 0.040720
1.357349 0.040720
1.357847 0.040573
1.358080 0.040499
1.358344 0.040507
1.361589 0.040523
1.364155 0.040439
1.366042 0.040495
1.366042 0.040495
1.366151 0.040339
1.366518 0.040113
1.367181 0.040133
1.368613 0.040018
1.371000 0.040010
1.375405 0.040060
1.375405 0.040060
1.375253 0.040056
1.377374 0.039885
1.379241 0.039862
1.379645 0.039797
1.380952 0.039759
1.382235 0.039719
1.382235 0.039719
1.383628 0.039608
1.385325 0.039581
1.387019 0.039554
1.387420 0.039490
1.388555 0.039448
1.390488 0.039428
1.391131 0.039446
1.391530 0.039383
1.392971 0.039276
1.394653 0.039249
1.395377 0.039270
1.400000 0.039252
1.400635 0.039270
1.403092 0.039193
1.403481 0.039131
1.408123 0.039187
1.409771 0.039160
1.410307 0.039103
1.411557 0.039065
1.413197 0.038967
1.413333 0.038899
1.413469 0.038832
1.414481 0.038859
1.416275 0.038838
1.416275 0.038838
1.418713 0.038692
1.418713 0.038692
1.419719 0.038649
1.421401 0.038625
1.421237 0.038621
1.423137 0.038533
1.423749 0.038410
1.425367 0.038385
1.425367 0.038385
1.426363 0.038343
1.429896 0.038301
1.429896 0.038301
1.430282 0.038243
1.431713 0.038213
1.432922 0.038177
1.434064 0.038005
1.435050 0.037964
1.436468 0.038002
1.437836 0.037971
1.437836 0.037971
1.441424 0.037866
1.444232 0.037873
1.446435 0.037865
1.447027 0.037814
1.447108 0.037751
1.447108 0.037751
1.446938 0.037746
1.447909 0.037706
1.449127 0.037607
1.453753 0.037597
1.454167 0.037543
1.455337 0.037509
1.455543 0.037514
1.455438 0.037447
1.455849 0.037329
1.457014 0.037359
1.456841 0.037355
1.458930 0.037281
1.458930 0.037281
1.460467 0.037194
1.460467 0.037194
1.461856 0.037103
1.464419 0.037043
1.467688 0.037001
1.469821 0.036992
1.470961 0.036959
1.471179 0.036902
1.471375 0.036907
1.474796 0.036870
1.476490 0.036851
1.476138 0.036842
1.476718 0.036734
1.477298 0.036688
1.477122 0.036683
1.478821 0.036665
1.483670 0.036664
1.484960 0.036636
1.484793 0.036631
1.484627 0.036567
1.484815 0.036512
1.489253 0.036442
1.489989 0.036460
1.490724 0.036359
1.492185 0.036336
1.493096 0.036299
1.495103 0.036289
1.495649 0.036244
1.497464 0.036229
1.498370 0.036193
1.498370 0.036193
1.500543 0.036129
1.500543 0.036129
1.501085 0.036084
1.501085 0.036084
1.502349 0.035941
1.503247 0.035906
1.504144 0.035927
1.504505 0.035878
1.505403 0.035900
1.505403 0.035900
1.505764 0.035852
1.508621 0.035693
1.510768 0.035687
1.511127 0.035640
1.511127 0.035640
1.512379 0.035557
1.513262 0.035523
1.514132 0.035487
1.515726 0.035469
1.516083 0.035422
1.516440 0.035376
1.516970 0.035388
1.517978 0.035302
1.523082 0.035311
1.524637 0.035293
1.525328 0.035309
1.526726 0.035232
1.526726 0.035232
1.527935 0.035152
1.529474 0.035133
1.529951 0.035091
1.530777 0.035056
1.530777 0.035056
1.533029 0.035001
1.533193 0.035004
1.533708 0.035016
1.533708 0.035016
1.537303 0.034886
1.538139 0.034852
1.539267 0.034825
1.544159 0.034883
1.545707 0.034866
1.545707 0.034866
1.545644 0.034760
1.545644 0.034760
1.547850 0.034653
1.549203 0.034684
1.550398 0.034659
1.551593 0.034685
1.552750 0.034608
1.553096 0.034564
1.554865 0.034501
1.556971 0.034497
1.559340 0.034499
1.559835 0.034510
1.561168 0.034438
1.562650 0.034470
1.562650 0.034470
1.563636 0.034391
1.563636 0.034391
1.563786 0.034344
1.564621 0.034262
1.564041 0.034199
1.564682 0.034163
1.566005 0.034093
1.566940 0.034064
1.568259 0.034093
1.569577 0.034023
1.569577 0.034023
1.570211 0.033987
1.571380 0.034013
1.571963 0.033976
1.573419 0.033861
1.575747 0.033863
1.577876 0.033860
1.579322 0.033891
1.581584 0.033843
1.583418 0.033834
1.585391 0.033828
1.585869 0.033742
1.586288 0.033703
1.588255 0.033697
1.588255 0.033697
1.588255 0.033697
1.588394 0.033652
1.589960 0.033591
1.590434 0.033601
1.593066 0.033609
1.594213 0.033586
1.594213 0.033586
1.597451 0.033466
1.600000 0.033473
1.601406 0.033456
1.602676 0.033436
1.603944 0.033462
1.603742 0.033458
1.606000 0.033412
1.606000 0.033412
1.607464 0.033350
1.607797 0.033311
1.608725 0.033238
1.609058 0.033199
1.609983 0.033173
1.612164 0.033172
1.612164 0.033172
1.617296 0.033187
1.617676 0.033149
1.618465 0.033120
1.620496 0.033071
1.621282 0.033042
1.621077 0.033038
1.621863 0.032965
1.623432 0.032952
1.625330 0.032946
1.627554 0.032946
1.628581 0.032923
1.629032 0.032932
1.629934 0.032906
1.632479 0.032913
1.635827 0.032892
1.636930 0.032870
1.636930 0.032870
1.636840 0.032824
1.638298 0.032810
1.638416 0.032768
1.638889 0.032691
1.640640 0.032682
1.640640 0.032682
1.645182 0.032686
1.647154 0.032682
1.648034 0.032699
1.648034 0.032699
1.648473 0.032665
1.648912 0.032673
1.649351 0.032596
1.651412 0.032551
1.654033 0.032517
1.654157 0.032434
1.654816 0.032447
1.655574 0.032420
1.656442 0.032395
1.657844 0.032422
1.657844 0.032422
1.659355 0.032367
1.662262 0.032298
1.662802 0.032267
1.662910 0.032269
1.662910 0.032269
1.664738 0.032221
1.666346 0.032252
1.667522 0.032150
1.668377 0.032125
1.668910 0.032094
1.669122 0.032057
1.670509 0.032084
1.673704 0.032063
1.675088 0.032049
1.675088 0.032049
1.675408 0.032014
1.675192 0.032010
1.676649 0.031956
1.678855 0.031917
1.679275 0.031925
1.679695 0.031893
1.681270 0.031842
1.682006 0.031816
1.684110 0.031816
1.684628 0.031825
1.687124 0.031753
1.687124 0.031753
1.689514 0.031718
1.692114 0.031727
1.693980 0.031722
1.693980 0.031722
1.695118 0.031704
1.695214 0.031706
1.695625 0.031674
1.695940 0.031641
1.696445 0.031611
1.696855 0.031579
1.698398 0.031530
1.699623 0.031513
1.700220 0.031447
1.702221 0.031445
1.703877 0.031476
1.703877 0.031476
1.704190 0.031443
1.705184 0.031422
1.705184 0.031422
1.706708 0.031335
1.707165 0.031267
1.707165 0.031267
1.707568 0.031236
1.708333 0.031212
1.709978 0.031204
1.710690 0.031179
1.711401 0.031154
1.711401 0.031154
1.715747 0.031158
1.716057 0.031126
1.716145 0.031090
1.716853 0.031065
1.721261 0.031032
1.722274 0.031051
1.724468 0.031053
1.724638 0.031019
1.725116 0.030990
1.726909 0.030948
1.727301 0.030955
1.727301 0.030955
1.729480 0.030920
1.729788 0.030889
1.730876 0.030872
1.732187 0.030858
1.735132 0.030838
1.736520 0.030862
1.738598 0.030863
1.738904 0.030832
1.740899 0.030794
1.740899 0.030794
1.742665 0.030789
1.743049 0.030760
1.743895 0.030702
1.745499 0.030695
1.746951 0.030684
1.749239 0.030724
1.751521 0.030693
1.753570 0.030728
1.754327 0.030706
1.754327 0.030706
1.754706 0.030677
1.754322 0.030670
1.755306 0.030651
1.755306 0.030651
1.755609 0.030621
1.756593 0.030532
1.758245 0.030490
1.758548 0.030460
1.761487 0.030405
1.762912 0.030395
1.763587 0.030407
1.763587 0.030407
1.765771 0.030340
1.768697 0.030355
1.769671 0.030372
1.771248 0.030399
1.771248 0.030399
1.771618 0.030405
1.771618 0.030405
1.771919 0.030376
1.774067 0.030240
1.775707 0.030233
1.777711 0.030199
1.777711 0.030199
1.778078 0.030171
1.778078 0.030171
1.782309 0.030141
1.784367 0.030141
1.784367 0.030141
1.787189 0.030121
1.787317 0.030123
1.787679 0.030129
1.787743 0.030097
1.789301 0.030055
1.789301 0.030055
1.789301 0.030055
1.791940 0.029966
1.792959 0.029949
1.793443 0.029924
1.794818 0.029914
1.795177 0.029920
1.795177 0.029920
1.795536 0.029892
1.796787 0.029814
1.797205 0.029788
1.798634 0.029812
1.801008 0.029785
1.804206 0.029772
1.805564 0.029762
1.806805 0.029750
1.807567 0.029730
1.809510 0.029762
1.809805 0.029734
1.810156 0.029740
1.811137 0.029691
1.812666 0.029651
1.814412 0.029647
1.814412 0.029647
1.816285 0.029613
1.817220 0.029629
1.817220 0.029629
1.819648 0.029572
1.821031 0.029562
1.822840 0.029560
1.823770 0.029543
1.823925 0.029513
1.827103 0.029533
1.827788 0.029512
1.828280 0.029488
1.828571 0.029461
1.830079 0.029454
1.830370 0.029427
1.830662 0.029400
1.830662 0.029400
1.831294 0.029410
1.832121 0.029361
1.833333 0.029349
1.833333 0.029349
1.833963 0.029328
1.836047 0.029299
1.836047 0.029299
1.836047 0.029299
1.840777 0.029219
1.843524 0.029262
1.845397 0.029230
1.845731 0.029235
1.846933 0.029224
1.847222 0.029197
1.847222 0.029197
1.847845 0.029176
1.848800 0.029161
1.849133 0.029135
1.850505 0.029096
1.850505 0.029096
1.851168 0.029046
1.852492 0.029006
1.853399 0.028990
1.853729 0.028995
1.855006 0.028984
1.856198 0.028973
1.857143 0.028927
1.857922 0.028910
1.858618 0.028890
1.858739 0.028862
1.859107 0.028838
1.859719 0.028818
1.860126 0.028824
1.859880 0.028820
1.861508 0.028757
1.861547 0.028757
1.861872 0.028733
1.862521 0.028713
1.864103 0.028708
1.864426 0.028713
1.865073 0.028664
1.866117 0.028592
1.866117 0.028592
1.870281 0.028598
1.870318 0.028569
1.871744 0.028562
1.871715 0.028532
1.872917 0.028551
1.872917 0.028551
1.874718 0.028520
1.876481 0.028518
1.876936 0.028496
1.877850 0.028481
1.878549 0.028434
1.879180 0.028444
1.880999 0.028414
1.880919 0.028384
1.880952 0.028385
1.882139 0.028345
1.882732 0.028354
1.883044 0.028331
1.883044 0.028331
1.886034 0.028291
1.887804 0.028261
1.887804 0.028261
1.888114 0.028265
1.889292 0.028226
1.891056 0.028197
1.891335 0.028173
1.893036 0.028170
1.893036 0.028170
1.894209 0.028188
1.895410 0.028178
1.895410 0.028178
1.898362 0.028110
1.898724 0.028088
1.899307 0.028069
1.901330 0.028071
1.901608 0.028047
1.902520 0.028033
1.903431 0.028019
1.904617 0.028009
1.904393 0.027978
1.904722 0.027956
1.904722 0.027956
1.906405 0.027953
1.906405 0.027953
1.906405 0.027953
1.907009 0.027880
1.908740 0.027878
1.909016 0.027855
1.909592 0.027810
1.909366 0.027806
1.910242 0.027792
1.910542 0.027770
1.913067 0.027752
1.913067 0.027752
1.913916 0.027738
1.915361 0.027705
1.915729 0.027684
1.917398 0.027681
1.917992 0.027690
1.919200 0.027681
1.919496 0.027685
1.919496 0.027685
1.921434 0.027633
1.922551 0.027596
1.922845 0.027574
1.923414 0.027556
1.925663 0.027536
1.925663 0.027536
1.927322 0.027507
1.927694 0.027486
1.928260 0.027494
1.929389 0.027510
1.930809 0.027452
1.932190 0.027472
1.934150 0.027474
1.934747 0.027482
1.936448 0.027480
1.938958 0.027464
1.940347 0.027458
1.941176 0.027444
1.940921 0.027440
1.941813 0.027427
1.942084 0.027405
1.942084 0.027405
1.943182 0.027369
1.943738 0.027377
1.945917 0.027382
1.946786 0.027291
1.948448 0.027289
1.949838 0.027283
1.951482 0.027281
1.953150 0.027279
1.953150 0.027279
1.954252 0.027243
1.956171 0.027245
1.956206 0.027220
1.957561 0.027214
1.958658 0.027204
1.961930 0.027199
1.963290 0.027192
1.964104 0.027204
1.964104 0.027204
1.964381 0.027157
1.965739 0.027126
1.965739 0.027126
1.967621 0.027127
1.967621 0.027127
1.967621 0.027127
1.967889 0.027106
1.968708 0.027043
1.969260 0.027050
1.969802 0.027058
1.969802 0.027058
1.972215 0.027041
1.973846 0.027014
1.974113 0.026993
1.974113 0.026993
1.974927 0.026955
1.974927 0.026955
1.977648 0.026895
1.978186 0.026878
1.978723 0.026860
1.980606 0.026862
1.983285 0.026874
1.985150 0.026875
1.985150 0.026875
1.985419 0.026854
1.985957 0.026813
1.986494 0.026796
1.987556 0.026786
1.987821 0.026766
1.987824 0.026742
1.987827 0.026742
1.989688 0.026743
1.991546 0.026720
1.991812 0.026724
1.992610 0.026711
1.992610 0.026711
1.994730 0.026668
1.995522 0.026654
1.997366 0.026655
1.999210 0.026632
1.999210 0.026632
2.001841 0.026620
2.001840 0.026620
2.003151 0.026638
2.003676 0.026621
2.005770 0.026602
2.005770 0.026602
2.006030 0.026582
2.006815 0.026569
2.008119 0.026539
2.009422 0.026533
2.010980 0.026507
2.012542 0.026527
2.012542 0.026527
2.014103 0.026501
2.014614 0.026462
2.014867 0.026442
2.015902 0.026432
2.015902 0.026432
2.015898 0.026409
2.015894 0.026386
2.016662 0.026396
2.017695 0.026364
2.017950 0.026367
2.017950 0.026367
2.019766 0.026368
2.019766 0.026368
2.020276 0.026329
2.020530 0.026332
2.021824 0.026303
2.023117 0.026297
2.023834 0.026215
2.025123 0.026187
2.026152 0.026178
2.028446 0.026185
2.028697 0.026188
2.029465 0.026198
2.030741 0.026192
2.032275 0.026167
2.033282 0.026135
2.033540 0.026116
2.034038 0.026122
2.036092 0.026126
2.036092 0.026126
2.037104 0.026117
2.037828 0.026059
2.039065 0.026053
2.039065 0.026053
2.039548 0.026015
2.040308 0.026002
2.041057 0.025990
2.042062 0.026002
2.043812 0.026025
2.044012 0.025983
2.047278 0.026003
2.047510 0.025962
2.048482 0.025974
2.048980 0.025958
2.050229 0.025930
2.050726 0.025937
2.051478 0.025924
2.051720 0.025906
2.051961 0.025909
2.053194 0.025902
2.054198 0.025893
2.054439 0.025875
2.054934 0.025859
2.057165 0.025822
2.057419 0.025804
2.059152 0.025782
2.059406 0.025764
2.059645 0.025746
2.060107 0.025730
2.060360 0.025712
2.061090 0.025721
2.061328 0.025724
2.061819 0.025708
2.061819 0.025708
2.063528 0.025687
2.065520 0.025669
2.067257 0.025670
2.067492 0.025651
2.067981 0.025657
2.069715 0.025636
2.070455 0.025624
2.072186 0.025604
2.073429 0.025619
2.073663 0.025622
2.074363 0.025631
2.075586 0.025625
2.078259 0.025573
2.078491 0.025555
2.078722 0.025558
2.079205 0.025543
2.079205 0.025543
2.079920 0.025510
2.079920 0.025510
2.081115 0.025483
2.081115 0.025483
2.083333 0.025469
2.084044 0.025436
2.086967 0.025451
2.086967 0.025451
2.086967 0.025451
2.086967 0.025451
2.088449 0.025428
2.090090 0.025386
2.090318 0.025388
2.091046 0.025377
2.091046 0.025377
2.093930 0.025350
2.093930 0.025350
2.093930 0.025350
2.094881 0.025300
2.096106 0.025315
2.098005 0.025318
2.098254 0.025300
2.100947 0.025292
2.101420 0.025298
2.104333 0.025272
2.104333 0.025272
2.105551 0.025267
2.107267 0.025267
2.107267 0.025267
2.108734 0.025244
2.108734 0.025244
2.109923 0.025258
2.109923 0.025258
2.111387 0.025256
2.111387 0.025256
2.113015 0.025195
2.113236 0.025178
2.114172 0.025129
2.114640 0.025134
2.115079 0.025140
2.115079 0.025140
2.115547 0.025125
2.116262 0.025114
2.116510 0.025097
2.117720 0.025091
2.118871 0.025066
2.122777 0.025052
2.123210 0.025038
2.123643 0.025043
2.124352 0.025032
2.125740 0.025028
2.125924 0.025031
2.126386 0.025016
2.127094 0.025025
2.128540 0.025002
2.129707 0.024958
2.131482 0.024959
2.131482 0.024959
2.132859 0.024955
2.133562 0.024944
2.136553 0.024921
2.136765 0.024923
2.137711 0.024934
2.138800 0.024889
2.139501 0.024897
2.142089 0.024908
2.142543 0.024894
2.143241 0.024902
2.143695 0.024907
2.144740 0.024862
2.146657 0.024865
2.146865 0.024848
2.148672 0.024831
2.149366 0.024839
2.149366 0.024839
2.149574 0.024822
2.151449 0.024805
2.151449 0.024805
2.152592 0.024799
2.154015 0.024816
2.154015 0.024816
2.154015 0.024816
2.156296 0.024728
2.156539 0.024712
2.156744 0.024696
2.157920 0.024690
2.158291 0.024676
2.158291 0.024676
2.159670 0.024673
2.160563 0.024645
2.161251 0.024653
2.161697 0.024658
2.163112 0.024637
2.163760 0.024644
2.165375 0.024663
2.165375 0.024663
2.165779 0.024648
2.165779 0.024648
2.166707 0.024584
2.167836 0.024579
2.168681 0.024551
2.170249 0.024532
2.171173 0.024542
2.171173 0.024542
2.172339 0.024537
2.174668 0.024545
2.174668 0.024545
2.175549 0.024518
2.176669 0.024494
2.178313 0.024494
2.178227 0.024493
2.181140 0.024452
2.181140 0.024452
2.180856 0.024449
2.182452 0.024430
2.182452 0.024430
2.182845 0.024417
2.186270 0.024400
2.186270 0.024400
2.185896 0.024378
2.186242 0.024364
2.187305 0.024339
2.187261 0.024339
2.188368 0.024333
2.188801 0.024338
2.189040 0.024323
2.189668 0.024312
2.189861 0.024296
2.190488 0.024267
2.190920 0.024272
2.190920 0.024272
2.192262 0.024251
2.194511 0.024240
2.194703 0.024224
2.194610 0.024223
2.194610 0.024223
2.195948 0.024202
2.196190 0.024169
2.196858 0.024177
2.197478 0.024184
2.197431 0.024183
2.199953 0.024122
2.201898 0.024108
2.203510 0.024126
2.205159 0.024109
2.205395 0.024094
2.205395 0.024094
2.205910 0.024064
2.206571 0.024054
2.206994 0.024041
2.206994 0.024041
2.206945 0.024041
2.208166 0.024002
2.208353 0.024004
2.208304 0.024003
2.209906 0.023986
2.210092 0.023988
2.213798 0.023993
2.214168 0.023980
2.215243 0.023974
2.215243 0.023974
2.215142 0.023956
2.215327 0.023941
2.215461 0.023925
2.216299 0.023917
2.216299 0.023917
2.216483 0.023919
2.216901 0.023889
2.217116 0.023857
2.218604 0.023856
2.219021 0.023860
2.220843 0.023863
2.221077 0.023848
2.221077 0.023848
2.221311 0.023834
2.222846 0.023799
2.224795 0.023786
2.225859 0.023781
2.225859 0.023781
2.227390 0.023780
2.228505 0.023775
2.229332 0.023733
2.230626 0.023713
2.230805 0.023698
2.231218 0.023703
2.232759 0.023719
2.232992 0.023705
2.233869 0.023714
2.233869 0.023714
2.234746 0.023707
2.234746 0.023707
2.236799 0.023661
2.237276 0.023633
2.239443 0.023656
2.240148 0.023630
2.240148 0.023630
2.241020 0.023623
2.242937 0.023610
2.242536 0.023589
2.243468 0.023566
2.244105 0.023573
2.246072 0.023577
2.246651 0.023583
2.246651 0.023583
2.246651 0.023583
2.247173 0.023555
2.249424 0.023546
2.250288 0.023555
2.250288 0.023555
2.251382 0.023550
2.251382 0.023550
2.251382 0.023550
2.253339 0.023472
2.253683 0.023476
2.253683 0.023476
2.254257 0.023466
2.254257 0.023466
2.254311 0.023450
2.254943 0.023408
2.255803 0.023400
2.255803 0.023400
2.257064 0.023365
2.257405 0.023352
2.259693 0.023328
2.261348 0.023329
2.263628 0.023336
2.264255 0.023343
2.264255 0.023343
2.264652 0.023347
2.264652 0.023347
2.267155 0.023309
2.268008 0.023286
2.268343 0.023273
2.269196 0.023266
2.269011 0.023248
2.269863 0.023241
2.269906 0.023226
2.270301 0.023230
2.272230 0.023218
2.272562 0.023221
2.274260 0.023238
2.274260 0.023238
2.274260 0.023238
2.275831 0.023191
2.276223 0.023195
2.276615 0.023183
2.277171 0.023173
2.278182 0.023168
2.278182 0.023168
2.278573 0.023156
2.279128 0.023146
2.280399 0.023112
2.280626 0.023099
2.281016 0.023087
2.282086 0.023082
2.282702 0.023089
2.283870 0.023085
2.284971 0.023065
2.288748 0.023057
2.288748 0.023057
2.289295 0.023047
2.289521 0.023033
2.291131 0.023019
2.293415 0.023026
2.293640 0.023013
2.293640 0.023013
2.293640 0.023013
2.294409 0.023005
2.294409 0.023005
2.295245 0.022968
2.295403 0.022969
2.296396 0.022964
2.296396 0.022964
2.296780 0.022952
2.298538 0.022939
2.299595 0.022920
2.299595 0.022920
2.299460 0.022903
2.300674 0.022900
2.300674 0.022900
2.300674 0.022900
2.300899 0.022887
2.303098 0.022863
2.303098 0.022863
2.305742 0.022874
2.306502 0.022867
2.306882 0.022840
2.306882 0.022840
2.308089 0.022837
2.311912 0.022815
2.313409 0.022830
2.313409 0.022830
2.313409 0.022830
2.316331 0.022799
2.317531 0.022810
2.317755 0.022798
2.318507 0.022790
2.319106 0.022781
2.319643 0.022756
2.319866 0.022744
2.319866 0.022744
2.320911 0.022754
2.321134 0.022741
2.323005 0.022715
2.323824 0.022708
2.324421 0.022714
2.325239 0.022722
2.325462 0.022710
2.326653 0.022692
2.327471 0.022670
2.327471 0.022670
2.327621 0.022672
2.327920 0.022660
2.330444 0.022640
2.332075 0.022627
2.332297 0.022614
2.332297 0.022614
2.332445 0.022616
2.333703 0.022599
2.334961 0.022596
2.335700 0.022604
2.336291 0.022609
2.336807 0.022600
2.337691 0.022594
2.339973 0.022572
2.340119 0.022573
2.340040 0.022558
2.342681 0.022555
2.343046 0.022544
2.343778 0.022522
2.344143 0.022525
2.345162 0.022521
2.345451 0.022495
2.346179 0.022502
2.346179 0.022502
2.346984 0.022509
2.346984 0.022509
2.347491 0.022486
2.348295 0.022479
2.348515 0.022467
2.349538 0.022476
2.350781 0.022488
2.350781 0.022488
2.351945 0.022471
2.352527 0.022462
2.352889 0.022466
2.352889 0.022466
2.353691 0.022459
2.354414 0.022437
2.356453 0.022386
2.357597 0.022382
2.357738 0.022384
2.358896 0.022366
2.358896 0.022366
2.360053 0.022335
2.360552 0.022311
2.360473 0.022311
2.361488 0.022292
2.361986 0.022297
2.362344 0.022286
2.363795 0.022286
2.364809 0.022254
2.365603 0.022247
2.365603 0.022247
2.367307 0.022235
2.367365 0.022222
2.367721 0.022211
2.369442 0.022227
2.372468 0.022228
2.372468 0.022228
2.372468 0.022228
2.373258 0.022222
2.373258 0.022222
2.373748 0.022185
2.374511 0.022178
2.375054 0.022169
2.375272 0.022157
2.375190 0.022157
2.378689 0.022148
2.379146 0.022138
2.380334 0.022150
2.380334 0.022150
2.381334 0.022131
2.381334 0.022131
2.381684 0.022135
2.382735 0.022117
2.382951 0.022105
2.384299 0.022104
2.384865 0.022096
2.384865 0.022096
2.384915 0.022069
2.387522 0.022052
2.387522 0.022052
2.388913 0.022038
2.390039 0.022035
2.390170 0.022036
2.390170 0.022036
2.391164 0.022032
2.391379 0.022020
2.392588 0.022018
2.392588 0.022018
2.392719 0.022005
2.394833 0.021971
2.394833 0.021971
2.396040 0.021969
2.396255 0.021957
2.396815 0.021962
2.397590 0.021956
2.400043 0.021925
2.400043 0.021925
2.400602 0.021917
2.402491 0.021921
2.402834 0.021924
2.404465 0.021925
2.405452 0.021908
2.405666 0.021896
2.406009 0.021886
2.406223 0.021875
2.408408 0.021895
2.408408 0.021895
2.409949 0.021856
2.409949 0.021856
2.409949 0.021856
2.412345 0.021851
2.412899 0.021856
2.413025 0.021857
2.413793 0.021838
2.415026 0.021849
2.416809 0.021839
2.416809 0.021839
2.417362 0.021817
2.418465 0.021801
2.418465 0.021801
2.418465 0.021801
2.419782 0.021787
2.420120 0.021777
2.422298 0.021757
2.423732 0.021770
2.424739 0.021753
2.426170 0.021753
2.426840 0.021733
2.426962 0.021734
2.426871 0.021733
2.427418 0.021738
2.427964 0.021717
2.429573 0.021706
2.429573 0.021706
2.429573 0.021706
2.429573 0.021706
2.430756 0.021690
2.430756 0.021690
2.432209 0.021652
2.432209 0.021652
2.432238 0.021639
2.432994 0.021633
2.434294 0.021632
2.434626 0.021635
2.434626 0.021635
2.435197 0.021614
2.435740 0.021606
2.436071 0.021596
2.437460 0.021583
2.438003 0.021588
2.438875 0.021570
2.440313 0.021558
2.441698 0.021557
2.442027 0.021547
2.442990 0.021556
2.443530 0.021561
2.444280 0.021554
2.444491 0.021544
2.444491 0.021544
2.445664 0.021516
2.445875 0.021505
2.447046 0.021503
2.449083 0.021496
2.448894 0.021482
2.449642 0.021488
2.452271 0.021473
2.453132 0.021468
2.454526 0.021468
2.454851 0.021458
2.455614 0.021453
2.457233 0.021467
2.457233 0.021467
2.457556 0.021470
2.457556 0.021470
2.457766 0.021459
2.458412 0.021440
2.458944 0.021432
2.460121 0.021405
2.464129 0.021415
2.464129 0.021415
2.464450 0.021418
2.464450 0.021418
2.464659 0.021407
2.465733 0.021355
2.465733 0.021355
2.465636 0.021354
2.466583 0.021337
2.466583 0.021337
2.466903 0.021340
2.467112 0.021329
2.467335 0.021319
2.470183 0.021319
2.470392 0.021309
2.470821 0.021288
2.472083 0.021287
2.472193 0.021288
2.472303 0.021276
2.472020 0.021249
2.472875 0.021257
2.473094 0.021259
2.474559 0.021235
2.475519 0.021231
2.476467 0.021227
2.477621 0.021237
2.477621 0.021237
2.477621 0.021237
2.477937 0.021227
2.478891 0.021187
2.478891 0.021187
2.479826 0.021183
2.480455 0.021188
2.481390 0.021196
2.482844 0.021173
2.482844 0.021173
2.482844 0.021173
2.483891 0.021145
2.484097 0.021135
2.484104 0.021123
2.484836 0.021094
2.485561 0.021088
2.486286 0.021082
2.487010 0.021076
2.487010 0.021076
2.487010 0.021076
2.488252 0.021075
2.488252 0.021075
2.488976 0.021069
2.488976 0.021069
2.490111 0.021043
2.490111 0.021043
2.491459 0.021019
2.491459 0.021019
2.492387 0.021027
2.492387 0.021027
2.492387 0.021027
2.494038 0.020994
2.495275 0.020980
2.495995 0.020975
2.496202 0.020976
2.497743 0.020966
2.498052 0.020945
2.498052 0.020945
2.499488 0.020934
2.501230 0.020925
2.501230 0.020925
2.502355 0.020911
2.502354 0.020911
2.502865 0.020904
2.505216 0.020900
2.505216 0.020900
2.505420 0.020890
2.506339 0.020898
2.508170 0.020878
2.508679 0.020882
2.509392 0.020877
2.509392 0.020877
2.510308 0.020873
2.510308 0.020873
2.510816 0.020877
2.512548 0.020880
2.512752 0.020870
2.513359 0.020875
2.513662 0.020866
2.513662 0.020866
2.514670 0.020840
2.514670 0.020840
2.515991 0.020839
2.516701 0.020845
2.520049 0.020804
2.520757 0.020787
2.521261 0.020780
2.522376 0.020777
2.523471 0.020764
2.524167 0.020758
2.524467 0.020749
2.524670 0.020739
2.524970 0.020742
2.526166 0.020740
2.526871 0.020735
2.527767 0.020719
2.527767 0.020719
2.527767 0.020719
2.527862 0.020709
2.530067 0.020704
2.531174 0.020702
2.531971 0.020709
2.532268 0.020700
2.533064 0.020684
2.533765 0.020678
2.533131 0.020662
2.534410 0.020672
2.534396 0.020672
2.534396 0.020672
2.534490 0.020662
2.535592 0.020637
2.535685 0.020638
2.536974 0.020615
2.536974 0.020615
2.537966 0.020612
2.538957 0.020608
2.539251 0.020611
2.539251 0.020611
2.540937 0.020569
2.541633 0.020574
2.541709 0.020575
2.542203 0.020568
2.542295 0.020558
2.542387 0.020558
2.543373 0.020555
2.544560 0.020543
2.546530 0.020548
2.547223 0.020553
2.547915 0.020559
2.548406 0.020530
2.551372 0.020520
2.551372 0.020520
2.551862 0.020502
2.551862 0.020502
2.552953 0.020500
2.553042 0.020490
2.553111 0.020469
2.554000 0.020476
2.554000 0.020476
2.554000 0.020476
2.554089 0.020465
2.554089 0.020465
2.554578 0.020458
2.554867 0.020439
2.556909 0.020423
2.556909 0.020423
2.557796 0.020419
2.557796 0.020419
2.558900 0.020373
2.558788 0.020373
2.558788 0.020373
2.560072 0.020372
2.560072 0.020372
2.561155 0.020370
2.561641 0.020363
2.563607 0.020346
2.563842 0.020326
2.564128 0.020318
2.564898 0.020313
2.565096 0.020304
2.565382 0.020306
2.565667 0.020298
2.566435 0.020304
2.566918 0.020308
2.566918 0.020308
2.571230 0.020289
2.572079 0.020285
2.572560 0.020267
2.573040 0.020271
2.573916 0.020267
2.574001 0.020268
2.575272 0.020267
2.575272 0.020267
2.576794 0.020247
2.577668 0.020243
2.577668 0.020243
2.578823 0.020242
2.578823 0.020242
2.579696 0.020238
2.580766 0.020236
2.581326 0.020230
2.581937 0.020213
2.581937 0.020213
2.583005 0.020222
2.583202 0.020213
2.583202 0.020213
2.584318 0.020201
2.584318 0.020201
2.584318 0.020201
2.584991 0.020185
2.585270 0.020187
2.587252 0.020160
2.587414 0.020162
2.587611 0.020153
2.589068 0.020154
2.591275 0.020150
2.591749 0.020143
2.593007 0.020153
2.593007 0.020153
2.593204 0.020144
2.595878 0.020113
2.595878 0.020113
2.596154 0.020115
2.596667 0.020098
2.596667 0.020098
2.597138 0.020102
2.597492 0.020084
2.598158 0.020089
2.598354 0.020080
2.598629 0.020072
2.599178 0.020076
2.600391 0.020044
2.600391 0.020044
2.599844 0.020040
2.600782 0.020037
2.600978 0.020028
2.603125 0.020014
2.602812 0.020011
2.602889 0.020002
2.603357 0.019995
2.603902 0.019979
2.604370 0.019972
2.605422 0.019960
2.605422 0.019960
2.606669 0.019949
2.606669 0.019949
2.606669 0.019949
2.608298 0.019931
2.608298 0.019931
2.608374 0.019932
2.608916 0.019915
2.609381 0.019919
2.609381 0.019919
2.610268 0.019895
2.610614 0.019888
2.611273 0.019893
2.613173 0.019867
2.614025 0.019863
2.614682 0.019868
2.614682 0.019868
2.614682 0.019868
2.615220 0.019832
2.616489 0.019832
2.616831 0.019834
2.617755 0.019842
2.618485 0.019847
2.619214 0.019853
2.619214 0.019853
2.619942 0.019828
2.621517 0.019820
2.622824 0.019820
2.622824 0.019820
2.622824 0.019820
2.623550 0.019795
2.624396 0.019782
2.624855 0.019785
2.624734 0.019784
2.624807 0.019775
2.625531 0.019780
2.625531 0.019780
2.626255 0.019766
2.629530 0.019741
2.629530 0.019741
2.631863 0.019739
2.632897 0.019737
2.635156 0.019734
2.635699 0.019738
2.635892 0.019730
2.637377 0.019741
2.638024 0.019716
2.637779 0.019705
2.638232 0.019708
2.638425 0.019700
2.638425 0.019700
2.639017 0.019694
2.640307 0.019694
2.641144 0.019681
2.641144 0.019681
2.641788 0.019676
2.641980 0.019667
2.642241 0.019660
2.642241 0.019660
2.642885 0.019655
2.642885 0.019655
2.643528 0.019659
2.645075 0.019651
2.645075 0.019651
2.645075 0.019651
2.645266 0.019643
2.646101 0.019649
2.648028 0.019625
2.648861 0.019612
2.649311 0.019605
2.649311 0.019605
2.649378 0.019606
2.650660 0.019577
2.650851 0.019568
2.650918 0.019569
2.650918 0.019569
2.653163 0.019547
2.653237 0.019547
2.655791 0.019537
2.656238 0.019541
2.657513 0.019531
2.658151 0.019526
2.658662 0.019511
2.659684 0.019509
2.659813 0.019500
2.660449 0.019495
2.660449 0.019495
2.660449 0.019495
2.660959 0.019480
2.660707 0.019478
2.662041 0.019478
2.662041 0.019478
2.662360 0.019471
2.662234 0.019470
2.662678 0.019464
2.663502 0.019451
2.664009 0.019436
2.665022 0.019424
2.665212 0.019416
2.667299 0.019422
2.667551 0.019405
2.667804 0.019398
2.668119 0.019381
2.669695 0.019383
2.669062 0.019369
2.669062 0.019369
2.670070 0.019367
2.671202 0.019375
2.671264 0.019376
2.672270 0.019364
2.672710 0.019358
2.673022 0.019351
2.673712 0.019337
2.673712 0.019337
2.673712 0.019337
2.674590 0.019306
2.675655 0.019305
2.675905 0.019307
2.676155 0.019308
2.676155 0.019308
2.676903 0.019305
2.677905 0.019312
2.678833 0.019281
2.679082 0.019274
2.679203 0.019256
2.680699 0.019267
2.681699 0.019265
2.682629 0.019263
2.682629 0.019263
2.683875 0.019253
2.684181 0.019255
2.685237 0.019263
2.685425 0.019255
2.685425 0.019255
2.686293 0.019234
2.686293 0.019234
2.687594 0.019215
2.688214 0.019220
2.688460 0.019222
2.689513 0.019202
2.690882 0.019184
2.690882 0.019184
2.691185 0.019177
2.692236 0.019175
2.692854 0.019180
2.693099 0.019173
2.693961 0.019170
2.694148 0.019162
2.694766 0.019157
2.695441 0.019153
2.699216 0.019171
2.699216 0.019171
2.700504 0.019171
2.700504 0.019171
2.700802 0.019173
2.703448 0.019146
2.705049 0.019140
2.705049 0.019140
2.705049 0.019140
2.706331 0.019140
2.707131 0.019136
2.707131 0.019136
2.707131 0.019136
2.708675 0.019129
2.708915 0.019131
2.709527 0.019135
2.709527 0.019135
2.709713 0.019127
2.710698 0.019116
2.710938 0.019100
2.711656 0.019087
2.712879 0.019087
2.713064 0.019079
2.712932 0.019078
2.714339 0.019079
2.714525 0.019072
2.716169 0.019047
2.716778 0.019034
2.716778 0.019034
2.717016 0.019036
2.718367 0.019045
2.719162 0.019042
2.719555 0.019036
2.719555 0.019036
2.720956 0.019019
2.720956 0.019019
2.723282 0.019000
2.724630 0.019009
2.724630 0.019009
2.726398 0.019004
2.727189 0.019009
2.727794 0.018996
2.729140 0.018996
2.729325 0.018989
2.729325 0.018989
2.730115 0.018985
2.730115 0.018985
2.730115 0.018985
2.732113 0.018973
2.733087 0.018971
2.735316 0.018978
2.735919 0.018982
2.736706 0.018952
2.736706 0.018952
2.737678 0.018959
2.737678 0.018959
2.737862 0.018952
2.738328 0.018937
2.739299 0.018935
2.739531 0.018937
2.739996 0.018914
2.740229 0.018907
2.740413 0.018899
2.741382 0.018897
2.741382 0.018897
2.742167 0.018894
2.742999 0.018883
2.743047 0.018883
2.743462 0.018877
2.743462 0.018877
2.744062 0.018873
2.744062 0.018873
2.744062 0.018873
2.744156 0.018865
2.744156 0.018865
2.744387 0.018849
2.744986 0.018836
2.745170 0.018828
2.745170 0.018828
2.746551 0.018812
2.748069 0.018805
2.748069 0.018805
2.748667 0.018792
2.750230 0.018786
2.751699 0.018770
2.753623 0.018775
2.753623 0.018775
2.753623 0.018775
2.754585 0.018764
2.754814 0.018766
2.755409 0.018770
2.756187 0.018767
2.756187 0.018767
2.759751 0.018765
2.760432 0.018761
2.761208 0.018767
2.761208 0.018767
2.761208 0.018767
2.761208 0.018767
2.762027 0.018755
2.762985 0.018753
2.763759 0.018742
2.763759 0.018742
2.764211 0.018728
2.765211 0.018726
2.766167 0.018716
2.766167 0.018716
2.766983 0.018704
2.767391 0.018690
2.768150 0.018678
2.768150 0.018678
2.768782 0.018674
2.770142 0.018658
2.770226 0.018659
2.771626 0.018660
2.772214 0.018647
2.772620 0.018650
2.773472 0.018639
2.773472 0.018639
2.773736 0.018632
2.773736 0.018632
2.774545 0.018629
2.774545 0.018629
2.776385 0.018600
2.776648 0.018602
2.778000 0.018594
2.778000 0.018594
2.778000 0.018594
2.778000 0.018594
2.780015 0.018583
2.781884 0.018579
2.781884 0.018579
2.782003 0.018580
2.782223 0.018581
2.782081 0.018572
2.782381 0.018557
2.784824 0.018549
2.784540 0.018539
2.785302 0.018536
2.786720 0.018545
2.786578 0.018544
2.786835 0.018529
2.786873 0.018530
2.787851 0.018520
2.789047 0.018520
2.789227 0.018513
2.789701 0.018508
2.790999 0.018500
2.791652 0.018496
2.792086 0.018499
2.793023 0.018497
2.794139 0.018488
2.794139 0.018488
2.794139 0.018488
2.795651 0.018490
2.795904 0.018491
2.796479 0.018479
2.796479 0.018479
2.796552 0.018471
2.797343 0.018452
2.798098 0.018449
2.798098 0.018449
2.798277 0.018442
2.798852 0.018438
2.799247 0.018440
2.800359 0.018440
2.800359 0.018440
2.801900 0.018425
2.802294 0.018428
2.802688 0.018415
2.802724 0.018415
2.803760 0.018413
2.803760 0.018413
2.804223 0.018408
2.804437 0.018394
2.804616 0.018387
2.805188 0.018383
2.805794 0.018363
2.805794 0.018363
2.807115 0.018355
2.807541 0.018358
2.807541 0.018358
2.809787 0.018357
2.810603 0.018346
2.811173 0.018350
2.811173 0.018350
2.811274 0.018342
2.811876 0.018314
2.812266 0.018317
2.812266 0.018317
2.813191 0.018315
2.813369 0.018308
2.813369 0.018308
2.814115 0.018297
2.814927 0.018287
2.815494 0.018290
2.815672 0.018284
2.816061 0.018278
2.818036 0.018275
2.818036 0.018275
2.818036 0.018275
2.819879 0.018279
2.820057 0.018273
2.820800 0.018277
2.820800 0.018277
2.822285 0.018255
2.821962 0.018253
2.823059 0.018253
2.823059 0.018253
2.823059 0.018253
2.823059 0.018253
2.824365 0.018230
2.824543 0.018223
2.825670 0.018230
2.825670 0.018230
2.825879 0.018208
2.825909 0.018193
2.826650 0.018182
2.826650 0.018182
2.826650 0.018182
2.827213 0.018170
2.827953 0.018167
2.829848 0.018156
2.831355 0.018157
2.831355 0.018157
2.831355 0.018157
2.831946 0.018138
2.832330 0.018140
2.832920 0.018129
2.834012 0.018136
2.834012 0.018136
2.835103 0.018127
2.836399 0.018128
2.837694 0.018128
2.837694 0.018128
2.839371 0.018116
2.840106 0.018121
2.840106 0.018121
2.840106 0.018121
2.840311 0.018114
2.842718 0.018099
2.843099 0.018101
2.844676 0.018088
2.845056 0.018083
2.845815 0.018080
2.846222 0.018083
2.846222 0.018083
2.847861 0.018070
2.848821 0.018061
2.849199 0.018056
2.849930 0.018060
2.851845 0.018050
2.851845 0.018050
2.852574 0.018054
2.854181 0.018057
2.854734 0.018053
2.854734 0.018053
2.856190 0.018047
2.856190 0.018047
2.856190 0.018047
2.856190 0.018047
2.857644 0.018033
2.857820 0.018027
2.858246 0.018022
2.858421 0.018015
2.858896 0.017996
2.858920 0.017996
2.858920 0.017996
2.858920 0.017996
2.860021 0.017988
2.860795 0.017985
2.860970 0.017978
2.862244 0.017971
2.862992 0.017961
2.863764 0.017958
2.863938 0.017952
2.864487 0.017948
2.864709 0.017949
2.864709 0.017949
2.865106 0.017937
2.865875 0.017927
2.866073 0.017928
2.866469 0.017923
2.866469 0.017923
2.867213 0.017928
2.867213 0.017928
2.867388 0.017921
2.868178 0.017911
2.869073 0.017909
2.870141 0.017909
2.870861 0.017913
2.870861 0.017913
2.871232 0.017908
2.871603 0.017903
2.872148 0.017906
2.873107 0.017875
2.874848 0.017871
2.875586 0.017861
2.876650 0.017867
2.877714 0.017867
2.877714 0.017867
2.877714 0.017867
2.878083 0.017869
2.878798 0.017851
2.878993 0.017845
2.880250 0.017845
2.880791 0.017849
2.880791 0.017849
2.882026 0.017849
2.882934 0.017825
2.882934 0.017825
2.883842 0.017823
2.885249 0.017810
2.885249 0.017810
2.885808 0.017799
2.885982 0.017793
2.886887 0.017784
2.886887 0.017784
2.887253 0.017786
2.887292 0.017779
2.888370 0.017778
2.888370 0.017778
2.889792 0.017765
2.889792 0.017765
2.892116 0.017758
2.892116 0.017758
2.892289 0.017751
2.892672 0.017746
2.894855 0.017738
2.895564 0.017742
2.895564 0.017742
2.897016 0.017737
2.897551 0.017733
2.897551 0.017733
2.898086 0.017736
2.898966 0.017727
2.898966 0.017727
2.899862 0.017733
2.899862 0.017733
2.900224 0.017728
2.900224 0.017728
2.901637 0.017715
2.903065 0.017694
2.903426 0.017697
2.903426 0.017697
2.903959 0.017700
2.903959 0.017700
2.905401 0.017673
2.905401 0.017673
2.905089 0.017671
2.905450 0.017673
2.905450 0.017673
2.906513 0.017665
2.906513 0.017665
2.907779 0.017659
2.907967 0.017660
2.907967 0.017660
2.909731 0.017649
2.909746 0.017649
2.909762 0.017649
2.909762 0.017649
2.910635 0.017640
2.910837 0.017634
2.911709 0.017618
2.911709 0.017618
2.911709 0.017618
2.913111 0.017613
2.914668 0.017608
2.914668 0.017608
2.915881 0.017601
2.917095 0.017587
2.917095 0.017587
2.917095 0.017587
2.917452 0.017589
2.919589 0.017567
2.919959 0.017569
2.919959 0.017569
2.920499 0.017572
2.921565 0.017565
2.921920 0.017567
2.924010 0.017565
2.924010 0.017565
2.924876 0.017570
2.925401 0.017566
2.925401 0.017566
2.926609 0.017567
2.927657 0.017559
2.927657 0.017559
2.928864 0.017552
2.929899 0.017544
2.930252 0.017539
2.930605 0.017535
2.930788 0.017536
2.932686 0.017512
2.933379 0.017502
2.933731 0.017497
2.934083 0.017499
2.934605 0.017503
2.934605 0.017503
2.934627 0.017496
2.934627 0.017496
2.935489 0.017487
2.936011 0.017476
2.936873 0.017481
2.936873 0.017481
2.938265 0.017469
2.939306 0.017475
2.939997 0.017465
2.939997 0.017465
2.939837 0.017464
2.940537 0.017462
2.941906 0.017442
2.942765 0.017440
2.943294 0.017430
2.943294 0.017430
2.944671 0.017431
2.944671 0.017431
2.945199 0.017420
2.946922 0.017417
2.948805 0.017421
2.948805 0.017421
2.950347 0.017430
2.950517 0.017424
2.950517 0.017424
2.952558 0.017402
2.952728 0.017396
2.953591 0.017395
2.953768 0.017389
2.954284 0.017385
2.954476 0.017379
2.955161 0.017383
2.955161 0.017383
2.955676 0.017380
2.955676 0.017380
2.957573 0.017370
2.958256 0.017367
2.958256 0.017367
2.958256 0.017367
2.959291 0.017360
2.961168 0.017357
2.961337 0.017352
2.963906 0.017353
2.963906 0.017353
2.964424 0.017343
2.965947 0.017351
2.965947 0.017351
2.965947 0.017351
2.967144 0.017338
2.968334 0.017338
2.968508 0.017339
2.968850 0.017341
2.970034 0.017348
2.970202 0.017343
2.970722 0.017332
2.970895 0.017333
2.970895 0.017333
2.971909 0.017326
2.971909 0.017326
2.972077 0.017320
2.973091 0.017319
2.973091 0.017319
2.973096 0.017319
2.974286 0.017292
2.974286 0.017292
2.974962 0.017296
2.974962 0.017296
2.975307 0.017285
2.975815 0.017281
2.976494 0.017278
2.977338 0.017277
2.977338 0.017277
2.977677 0.017279
2.978527 0.017263
2.978695 0.017258
2.978695 0.017258
2.979034 0.017253
2.979034 0.017253
2.979373 0.017242
2.979547 0.017229
2.980054 0.017219
2.980727 0.017203
2.980898 0.017204
2.981404 0.017194
2.982077 0.017191
2.983255 0.017191
2.983423 0.017186
2.984433 0.017172
2.986111 0.017162
2.986111 0.017162
2.986111 0.017162
2.986615 0.017164
2.987291 0.017142
2.987964 0.017146
2.989806 0.017157
2.990810 0.017156
2.991649 0.017161
2.991818 0.017161
2.991820 0.017155
2.992823 0.017154
2.992823 0.017154
2.993158 0.017156
2.993993 0.017154
2.993828 0.017153
2.993828 0.017153
2.993831 0.017147
2.993831 0.017147
2.995668 0.017131
2.996503 0.017116
2.997336 0.017115
2.998169 0.017106
2.998169 0.017106
2.998169 0.017106
2.999501 0.017088
2.999834 0.017090
3.000831 0.017083
3.000998 0.017077
3.001164 0.017071
3.001995 0.017070
3.002327 0.017065
3.003157 0.017063
3.003157 0.017063
3.003156 0.017063
3.004315 0.017070
3.006636 0.017064
3.006636 0.017064
3.006636 0.017064
3.006800 0.017058
3.007792 0.017045
3.007792 0.017045
3.008122 0.017034
3.009279 0.017021
3.010272 0.017007
3.011757 0.017016
3.011919 0.017010
3.012246 0.017012
3.013565 0.017019
3.013730 0.017014
3.013563 0.017013
3.014057 0.017009
3.014550 0.017006
3.014550 0.017006
3.015369 0.016991
3.015535 0.016986
3.016193 0.016983
3.016193 0.016983
3.016510 0.016972
3.018964 0.016960
3.019782 0.016959
3.019782 0.016959
3.019937 0.016960
3.020099 0.016954
3.021084 0.016960
3.021084 0.016960
3.021084 0.016960
3.021084 0.016960
3.021410 0.016962
3.021571 0.016962
3.023045 0.016945
3.023045 0.016945
3.023696 0.016930
3.023696 0.016930
3.024996 0.016925
3.026627 0.016927
3.027609 0.016927
3.028262 0.016924
3.028426 0.016919
3.029562 0.016912
3.030701 0.016919
3.030855 0.016913
3.031019 0.016908
3.033290 0.016902
3.033454 0.016896
3.033454 0.016896
3.033612 0.016897
3.033612 0.016897
3.034737 0.016872
3.035714 0.016871
3.035714 0.016871
3.035878 0.016866
3.036364 0.016869
3.036527 0.016863
3.037340 0.016855
3.037504 0.016850
3.039273 0.016854
3.039273 0.016854
3.039273 0.016854
3.040249 0.016840
3.040733 0.016831
3.041053 0.016832
3.041047 0.016832
3.041857 0.016818
3.041857 0.016818
3.042014 0.016819
3.042498 0.016822
3.042498 0.016822
3.043308 0.016820
3.043464 0.016821
3.044593 0.016796
3.045239 0.016794
3.045403 0.016788
3.046041 0.016780
3.045855 0.016766
3.047464 0.016769
3.047945 0.016765
3.048108 0.016760
3.049389 0.016755
3.050033 0.016752
3.050977 0.016751
3.050806 0.016750
3.051449 0.016742
3.051449 0.016742
3.051612 0.016736
3.051929 0.016732
3.052734 0.016736
3.053043 0.016720
3.053993 0.016725
3.053821 0.016724
3.054300 0.016721
3.055429 0.016715
3.055429 0.016715
3.055429 0.016715
3.055583 0.016715
3.056549 0.016715
3.056549 0.016715
3.057027 0.016705
3.057027 0.016705
3.058136 0.016699
3.058451 0.016701
3.059253 0.016699
3.059568 0.016695
3.061821 0.016683
3.062277 0.016679
3.063067 0.016677
3.064019 0.016670
3.064019 0.016670
3.064495 0.016667
3.064495 0.016667
3.064495 0.016667
3.066904 0.016674
3.069301 0.016657
3.070423 0.016657
3.070584 0.016652
3.070897 0.016653
3.072157 0.016654
3.072157 0.016654
3.072792 0.016652
3.072792 0.016652
3.072792 0.016652
3.073104 0.016653
3.074697 0.016644
3.074697 0.016644
3.074697 0.016644
3.075493 0.016642
3.075481 0.016636
3.075618 0.016631
3.078650 0.016629
3.078650 0.016629
3.078650 0.016629
3.079445 0.016616
3.080239 0.016620
3.080239 0.016620
3.080239 0.016620
3.080065 0.016613
3.080374 0.016615
3.080846 0.016611
3.081142 0.016589
3.082554 0.016591
3.083642 0.016579
3.083629 0.016579
3.085052 0.016574
3.085213 0.016569
3.086165 0.016563
3.086165 0.016563
3.086943 0.016567
3.088145 0.016550
3.088145 0.016550
3.088145 0.016550
3.089389 0.016550
3.089389 0.016550
3.090018 0.016548
3.090807 0.016552
3.090807 0.016552
3.092691 0.016533
3.094106 0.016540
3.094106 0.016540
3.094222 0.016529
3.094222 0.016529
3.095154 0.016528
3.095139 0.016528
3.095750 0.016514
3.095750 0.016514
3.096376 0.016511
3.096376 0.016511
3.096376 0.016511
3.097002 0.016514
3.097788 0.016513
3.097788 0.016513
3.097788 0.016513
3.100416 0.016497
3.100865 0.016488
3.100865 0.016488
3.103630 0.016485
3.104573 0.016490
3.104573 0.016490
3.104573 0.016490
3.104556 0.016490
3.104859 0.016474
3.104986 0.016475
3.106709 0.016461
3.107297 0.016441
3.107918 0.016444
3.108859 0.016449
3.108859 0.016449
3.108859 0.016449
3.109480 0.016452
3.109639 0.016447
3.110243 0.016445
3.111306 0.016439
3.112404 0.016439
3.112564 0.016434
3.113502 0.016433
3.113502 0.016433
3.113644 0.016428
3.113644 0.016428
3.113944 0.016412
3.113589 0.016410
3.113589 0.016410
3.115464 0.016403
3.115464 0.016403
3.116523 0.016380
3.117141 0.016383
3.117141 0.016383
3.117582 0.016374
3.117722 0.016375
3.118658 0.016374
3.118658 0.016374
3.118658 0.016374
3.118798 0.016375
3.118798 0.016375
3.119574 0.016367
3.121405 0.016348
3.121405 0.016348
3.123729 0.016337
3.125734 0.016342
3.126190 0.016333
3.126964 0.016332
3.128055 0.016332
3.128213 0.016327
3.129283 0.016332
3.129283 0.016332
3.129283 0.016332
3.130035 0.016336
3.130035 0.016336
3.131558 0.016339
3.131696 0.016339
3.132942 0.016340
3.132942 0.016340
3.133872 0.016339
3.133872 0.016339
3.133872 0.016339
3.134009 0.016340
3.134305 0.016336
3.134442 0.016325
3.135370 0.016330
3.135529 0.016325
3.136141 0.016317
3.136141 0.016317
3.136752 0.016303
3.137795 0.016292
3.138722 0.016285
3.138722 0.016285
3.139491 0.016284
3.140553 0.016284
3.141163 0.016270
3.141141 0.016270
3.141141 0.016270
3.141751 0.016267
3.142203 0.016258
3.142180 0.016253
3.143579 0.016249
3.144188 0.016252
3.144481 0.016237
3.144932 0.016239
3.145856 0.016244
3.145856 0.016244
3.146622 0.016242
3.147704 0.016231
3.149480 0.016223
3.149480 0.016223
3.149480 0.016223
3.149905 0.016209
3.151410 0.016200
3.152150 0.016198
3.153071 0.016192
3.153991 0.016191
3.155202 0.016197
3.155202 0.016197
3.155360 0.016192
3.156122 0.016191
3.156230 0.016191
3.156363 0.016192
3.157282 0.016197
3.157282 0.016197
3.158176 0.016185
3.158333 0.016180
3.158333 0.016180
3.159673 0.016181
3.161012 0.016172
3.161012 0.016172
3.161458 0.016168
3.161458 0.016168
3.162217 0.016167
3.162217 0.016167
3.162217 0.016167
3.163893 0.016164
3.164470 0.016162
3.164914 0.016153
3.165333 0.016144
3.165778 0.016141
3.167581 0.016128
3.167581 0.016128
3.168339 0.016121
3.168339 0.016121
3.169199 0.016120
3.169199 0.016120
3.170556 0.016121
3.170556 0.016121
3.171312 0.016114
3.172225 0.016114
3.173423 0.016109
3.173423 0.016109
3.173580 0.016104
3.174906 0.016111
3.174906 0.016111
3.175946 0.016105
3.175946 0.016105
3.175946 0.016105
3.176231 0.016107
3.176360 0.016107
3.176360 0.016107
3.177215 0.016084
3.179347 0.016057
3.179391 0.016052
3.181052 0.016061
3.181336 0.016062
3.182088 0.016060
3.182088 0.016060
3.182527 0.016057
3.182811 0.016059
3.182811 0.016059
3.184313 0.016055
3.185347 0.016050
3.186449 0.016045
3.186731 0.016035
3.186702 0.016035
3.186702 0.016035
3.187140 0.016037
3.187889 0.016036
3.188638 0.016023
3.189795 0.016024
3.189795 0.016024
3.191291 0.016026
3.192164 0.016020
3.192571 0.016022
3.192571 0.016022
3.193599 0.016011
3.194501 0.016005
3.194501 0.016005
3.194315 0.016004
3.195001 0.016002
3.196462 0.015998
3.198729 0.015994
3.198729 0.015994
3.198853 0.015994
3.198853 0.015994
3.198853 0.015994
3.199225 0.015991
3.200093 0.015995
3.200093 0.015995
3.200650 0.015987
3.200650 0.015987
3.201238 0.015990
3.201238 0.015990
3.201238 0.015990
3.202259 0.015985
3.202259 0.015985
3.203156 0.015978
3.203156 0.015978
3.203156 0.015978
3.203589 0.015970
3.204795 0.015960
3.204795 0.015960
3.204795 0.015960
3.205660 0.015959
3.205660 0.015959
3.206833 0.015960
3.207728 0.015964
3.207728 0.015964
3.207850 0.015959
3.208282 0.015956
3.209177 0.015940
3.209177 0.015940
3.209697 0.015916
3.210591 0.015910
3.210989 0.015901
3.211728 0.015900
3.212622 0.015904
3.212776 0.015900
3.213360 0.015897
3.213360 0.015897
3.213360 0.015897
3.214649 0.015898
3.214649 0.015898
3.214649 0.015898
3.215233 0.015891
3.215233 0.015891
3.215662 0.015888
3.215662 0.015888
3.217257 0.015880
3.217686 0.015882
3.217961 0.015873
3.218389 0.015870
3.218663 0.015871
3.219982 0.015857
3.219982 0.015857
3.220102 0.015857
3.221111 0.015852
3.221692 0.015855
3.222547 0.015849
3.222547 0.015849
3.223128 0.015836
3.224596 0.015822
3.224596 0.015822
3.224562 0.015822
3.225722 0.015823
3.226917 0.015829
3.226917 0.015829
3.227887 0.015818
3.227887 0.015818
3.228089 0.015808
3.228243 0.015804
3.229330 0.015804
3.230215 0.015803
3.231606 0.015790
3.231724 0.015790
3.232608 0.015795
3.232761 0.015790
3.232761 0.015790
3.233032 0.015786
3.232996 0.015786
3.233997 0.015776
3.233997 0.015776
3.234691 0.015774
3.236149 0.015760
3.237031 0.015755
3.237301 0.015756
3.237301 0.015756
3.237571 0.015757
3.237724 0.015753
3.238874 0.015748
3.239602 0.015752
3.241327 0.015750
3.241327 0.015750
3.242170 0.015754
3.242170 0.015754
3.242170 0.015754
3.242401 0.015740
3.242785 0.015731
3.244543 0.015725
3.244963 0.015722
3.244963 0.015722
3.244963 0.015722
3.244963 0.015722
3.245116 0.015717
3.245689 0.015715
3.245689 0.015715
3.246377 0.015703
3.247522 0.015699
3.247941 0.015701
3.248209 0.015702
3.249467 0.015703
3.250571 0.015698
3.251523 0.015693
3.251941 0.015690
3.252321 0.015681
3.254183 0.015685
3.254183 0.015685
3.255931 0.015674
3.255931 0.015674
3.256348 0.015676
3.256917 0.015678
3.258094 0.015674
3.259271 0.015675
3.260559 0.015671
3.260559 0.015671
3.261127 0.015668
3.261279 0.015664
3.261391 0.015665
3.262375 0.015659
3.262790 0.015656
3.262790 0.015656
3.262790 0.015656
3.263014 0.015657
3.263014 0.015657
3.263014 0.015657
3.264188 0.015653
3.264300 0.015644
3.265585 0.015635
3.265585 0.015635
3.266566 0.015630
3.266828 0.015631
3.267697 0.015630
3.267697 0.015630
3.267849 0.015626
3.269021 0.015631
3.269172 0.015627
3.270414 0.015618
3.272067 0.015601
3.272067 0.015601
3.271833 0.015595
3.271792 0.015595
3.272053 0.015596
3.272315 0.015597
3.272315 0.015597
3.274981 0.015590
3.274981 0.015590
3.274940 0.015590
3.276821 0.015579
3.277341 0.015577
3.277602 0.015578
3.278164 0.015576
3.279179 0.015581
3.279179 0.015581
3.279179 0.015581
3.279179 0.015581
3.279438 0.015577
3.280000 0.015570
3.280863 0.015569
3.280995 0.015555
3.281255 0.015556
3.281815 0.015554
3.281815 0.015554
3.282635 0.015538
3.283346 0.015531
3.283906 0.015534
3.283713 0.015533
3.284789 0.015528
3.286058 0.015534
3.286875 0.015524
3.287240 0.015525
3.288551 0.015532
3.288551 0.015532
3.288702 0.015527
3.289110 0.015529
3.289925 0.015519
3.290332 0.015516
3.290589 0.015517
3.291447 0.015516
3.291447 0.015516
3.291447 0.015516
3.291447 0.015516
3.291704 0.015512
3.291704 0.015512
3.292863 0.015513
3.292863 0.015513
3.292969 0.015513
3.296096 0.015489
3.296096 0.015489
3.297058 0.015484
3.298364 0.015480
3.298364 0.015480
3.298770 0.015473
3.300135 0.015465
3.300135 0.015465
3.300240 0.015455
3.301095 0.015459
3.302099 0.015459
3.302099 0.015459
3.302099 0.015459
3.302653 0.015457
3.303657 0.015452
3.303657 0.015452
3.304211 0.015445
3.305468 0.015441
3.305422 0.015441
3.305826 0.015433
3.306932 0.015434
3.306932 0.015434
3.306932 0.015434
3.308337 0.015435
3.308337 0.015435
3.308141 0.015435
3.308544 0.015427
3.309349 0.015416
3.309349 0.015416
3.311407 0.015402
3.311659 0.015394
3.311659 0.015394
3.311912 0.015395
3.311912 0.015395
3.313312 0.015401
3.313863 0.015404
3.313863 0.015404
3.314964 0.015385
3.314964 0.015385
3.315868 0.015375
3.316418 0.015378
3.316418 0.015378
3.318216 0.015381
3.318216 0.015381
3.318216 0.015381
3.319165 0.015367
3.319165 0.015367
3.319517 0.015368
3.319767 0.015365
3.320167 0.015362
3.321013 0.015361
3.320966 0.015356
3.322110 0.015352
3.323109 0.015342
3.323805 0.015341
3.323906 0.015336
3.324304 0.015338
3.324851 0.015341
3.325848 0.015341
3.326543 0.015334
3.327089 0.015323
3.328081 0.015323
3.328081 0.015323
3.328775 0.015326
3.329767 0.015326
3.330709 0.015321
3.330709 0.015321
3.332046 0.015317
3.332245 0.015314
3.332245 0.015314
3.333779 0.015311
3.334471 0.015314
3.334471 0.015314
3.334619 0.015310
3.335460 0.015310
3.336102 0.015303
3.336942 0.015302
3.336942 0.015302
3.336942 0.015302
3.337485 0.015300
3.337633 0.015296
3.337583 0.015291
3.338423 0.015290
3.338965 0.015288
3.338965 0.015288
3.338965 0.015288
3.340145 0.015275
3.340586 0.015263
3.341521 0.015263
3.341521 0.015263
3.342506 0.015258
3.342751 0.015259
3.342751 0.015259
3.344032 0.015256
3.344032 0.015256
3.344032 0.015256
3.344720 0.015254
3.344868 0.015250
3.345409 0.015243
3.346097 0.015246
3.346785 0.015250
3.346785 0.015250
3.347274 0.015233
3.347665 0.015231
3.348648 0.015235
3.348648 0.015235
3.349335 0.015233
3.349579 0.015230
3.349579 0.015230
3.350066 0.015223
3.350996 0.015218
3.352169 0.015209
3.352169 0.015209
3.353149 0.015209
3.353930 0.015204
3.354173 0.015205
3.354173 0.015205
3.355542 0.015197
3.355490 0.015192
3.355290 0.015191
3.357879 0.015189
3.358268 0.015187
3.358268 0.015187
3.358657 0.015179
3.359488 0.015174
3.359488 0.015174
3.360453 0.015169
3.361083 0.015167
3.361176 0.015163
3.362153 0.015163
3.362834 0.015162
3.362834 0.015162
3.363556 0.015156
3.363556 0.015156
3.364237 0.015159
3.365159 0.015158
3.366133 0.015163
3.366133 0.015163
3.366133 0.015163
3.367494 0.015160
3.367494 0.015160
3.367679 0.015161
3.367679 0.015161
3.367679 0.015161
3.368359 0.015150
3.368359 0.015150
3.368398 0.015141
3.369463 0.015132
3.370436 0.015123
3.370582 0.015119
3.370582 0.015119
3.370582 0.015119
3.370821 0.015120
3.371207 0.015122
3.371207 0.015122
3.371152 0.015122
3.371483 0.015105
3.373517 0.015101
3.373755 0.015093
3.374469 0.015096
3.374469 0.015096
3.374598 0.015088
3.375421 0.015091
3.375421 0.015091
3.375421 0.015091
3.375987 0.015080
3.376371 0.015078
3.377924 0.015071
3.377924 0.015071
3.378307 0.015064
3.380131 0.015050
3.380278 0.015046
3.381627 0.015047
3.381627 0.015047
3.382774 0.015043
3.383448 0.015046
3.383448 0.015046
3.383448 0.015046
3.384941 0.015044
3.385468 0.015042
3.386847 0.015035
3.386847 0.015035
3.387318 0.015037
3.387318 0.015037
3.387844 0.015039
3.387788 0.015035
3.388606 0.015034
3.388986 0.015031
3.390095 0.015031
3.391292 0.015028
3.391963 0.015026
3.392722 0.015021
3.392722 0.015021
3.393247 0.015019
3.394208 0.015014
3.395170 0.015010
3.396364 0.015010
3.396364 0.015010
3.397033 0.015013
3.397151 0.015014
3.397151 0.015014
3.397384 0.015011
3.397907 0.015004
3.397995 0.015000
3.398082 0.014987
3.398460 0.014980
3.399274 0.014979
3.399593 0.014972
3.400261 0.014970
3.400348 0.014971
3.400290 0.014970
3.400522 0.014967
3.401857 0.014964
3.401857 0.014964
3.401857 0.014964
3.402814 0.014964
3.402814 0.014964
3.402814 0.014964
3.403191 0.014966
3.403336 0.014962
3.404317 0.014953
3.404693 0.014955
3.404779 0.014951
3.404779 0.014951
3.405155 0.014948
3.406485 0.014936
3.406630 0.014933
3.406716 0.014933
3.408624 0.014937
3.408769 0.014933
3.409144 0.014926
3.409426 0.014923
3.409426 0.014923
3.410957 0.014912
3.411476 0.014910
3.411705 0.014911
3.412657 0.014911
3.412886 0.014912
3.413778 0.014912
3.413778 0.014912
3.413778 0.014912
3.414838 0.014903
3.414778 0.014899
3.415152 0.014900
3.415296 0.014897
3.415897 0.014895
3.416787 0.014899
3.417448 0.014893
3.417448 0.014893
3.417964 0.014887
3.418192 0.014879
3.418709 0.014877
3.419513 0.014880
3.419513 0.014880
3.420977 0.014870
3.421492 0.014872
3.421576 0.014872
3.422379 0.014871
3.422523 0.014868
3.422750 0.014869
3.423348 0.014858
3.423348 0.014858
3.424151 0.014862
3.424522 0.014863
3.424975 0.014857
3.425201 0.014853
3.426086 0.014853
3.427196 0.014853
3.427196 0.014853
3.427196 0.014853
3.429043 0.014844
3.429556 0.014847
3.429556 0.014847
3.429782 0.014848
3.430520 0.014842
3.430888 0.014839
3.431401 0.014842
3.431401 0.014842
3.433142 0.014836
3.433142 0.014836
3.434371 0.014837
3.434514 0.014834
3.434514 0.014834
3.434882 0.014831
3.434882 0.014831
3.434882 0.014831
3.436192 0.014820
3.436559 0.014821
3.436559 0.014821
3.436783 0.014814
3.437724 0.014801
3.438234 0.014794
3.438888 0.014793
3.438888 0.014793
3.439398 0.014795
3.440991 0.014785
3.441644 0.014788
3.442090 0.014781
3.442456 0.014783
3.442456 0.014783
3.443538 0.014775
3.443904 0.014772
3.444413 0.014770
3.444413 0.014770
3.444921 0.014764
3.444858 0.014764
3.446017 0.014764
3.446017 0.014764
3.446240 0.014765
3.446605 0.014763
3.447113 0.014761
3.447113 0.014761
3.447477 0.014762
3.447699 0.014759
3.447699 0.014759
3.447921 0.014752
3.448000 0.014748
3.448143 0.014744
3.450093 0.014744
3.450093 0.014744
3.451249 0.014741
3.452690 0.014738
3.453560 0.014734
3.454714 0.014726
3.454714 0.014726
3.454714 0.014726
3.455505 0.014725
3.455725 0.014726
3.455725 0.014726
3.456308 0.014720
3.456308 0.014720
3.456813 0.014714
3.457318 0.014708
3.459259 0.014699
3.459259 0.014699
3.459259 0.014699
3.459621 0.014697
3.459621 0.014697
3.460553 0.014684
3.461341 0.014683
3.461341 0.014683
3.461341 0.014683
3.461987 0.014686
3.462349 0.014679
3.463137 0.014674
3.464286 0.014671
3.464286 0.014671
3.464286 0.014671
3.464504 0.014664
3.465007 0.014666
3.465007 0.014666
3.465937 0.014657
3.465662 0.014648
3.466591 0.014643
3.467235 0.014642
3.467595 0.014639
3.467595 0.014639
3.467595 0.014639
3.468315 0.014638
3.468315 0.014638
3.471390 0.014623
3.472467 0.014623
3.473326 0.014622
3.474901 0.014617
3.475043 0.014613
3.475333 0.014615
3.475333 0.014615
3.476190 0.014610
3.476906 0.014613
3.477047 0.014609
3.476912 0.014605
3.477627 0.014600
3.478766 0.014592
3.478766 0.014592
3.478772 0.014588
3.479553 0.014587
3.480407 0.014591
3.480407 0.014591
3.481047 0.014585
3.482822 0.014593
3.482822 0.014593
3.482822 0.014593
3.484313 0.014579
3.484313 0.014579
3.484176 0.014578
3.485379 0.014583
3.485379 0.014583
3.485379 0.014583
3.487158 0.014578
3.487371 0.014579
3.488713 0.014577
3.488713 0.014577
3.488713 0.014577
3.488713 0.014577
3.488644 0.014572
3.488858 0.014573
3.489497 0.014572
3.489925 0.014562
3.489925 0.014562
3.490702 0.014565
3.490702 0.014565
3.490702 0.014565
3.491055 0.014562
3.491055 0.014562
3.491055 0.014562
3.491621 0.014557
3.491623 0.014548
3.492258 0.014539
3.492258 0.014539
3.492682 0.014533
3.493881 0.014526
3.494445 0.014520
3.494445 0.014520
3.495219 0.014523
3.495431 0.014524
3.495783 0.014521
3.496346 0.014512
3.496558 0.014505
3.496628 0.014505
3.496839 0.014502
3.497051 0.014503
3.497051 0.014503
3.497753 0.014493
3.499860 0.014490
3.499860 0.014490
3.500491 0.014489
3.500491 0.014489
3.501122 0.014483
3.501122 0.014483
3.501402 0.014481
3.501682 0.014478
3.501682 0.014478
3.501962 0.014471
3.502382 0.014469
3.502382 0.014469
3.503501 0.014457
3.503920 0.014459
3.505108 0.014460
3.505108 0.014460
3.505807 0.014459
3.506156 0.014456
3.506365 0.014457
3.506365 0.014457
3.507968 0.014440
3.508875 0.014436
3.509431 0.014438
3.509640 0.014439
3.509987 0.014440
3.512910 0.014433
3.513117 0.014434
3.514023 0.014437
3.514023 0.014437
3.513951 0.014437
3.514856 0.014437
3.514856 0.014437
3.516179 0.014422
3.516385 0.014423
3.516385 0.014423
3.516385 0.014423
3.517289 0.014423
3.517289 0.014423
3.517289 0.014423
3.517289 0.014423
3.517496 0.014420
3.517842 0.014417
3.518746 0.014421
3.518746 0.014421
3.518746 0.014421
3.519370 0.014416
3.520273 0.014400
3.520412 0.014396
3.520897 0.014395
3.522218 0.014392
3.522218 0.014392
3.522218 0.014392
3.522981 0.014383
3.523186 0.014380
3.523810 0.014379
3.524572 0.014378
3.524572 0.014378
3.524572 0.014378
3.524777 0.014379
3.525261 0.014369
3.525327 0.014370
3.526294 0.014350
3.527890 0.014353
3.527890 0.014353
3.528373 0.014355
3.528782 0.014356
3.528782 0.014356
3.528987 0.014353
3.531259 0.014339
3.532157 0.014335
3.532157 0.014335
3.532157 0.014335
3.532778 0.014334
3.533259 0.014332
3.533398 0.014328
3.534500 0.014329
3.534425 0.014329
3.534629 0.014330
3.534629 0.014330
3.535313 0.014328
3.535452 0.014325
3.537032 0.014312
3.537512 0.014314
3.538270 0.014313
3.538270 0.014313
3.538270 0.014313
3.538472 0.014314
3.538472 0.014314
3.538398 0.014310
3.539634 0.014311
3.540391 0.014310
3.540391 0.014310
3.540391 0.014310
3.540380 0.014306
3.541413 0.014299
3.542169 0.014298
3.541955 0.014294
3.543189 0.014287
3.543189 0.014287
3.545241 0.014276
3.546134 0.014280
3.546134 0.014280
3.547026 0.014279
3.547026 0.014279
3.547504 0.014278
3.547981 0.014280
3.548873 0.014283
3.548873 0.014283
3.548873 0.014283
3.548873 0.014283
3.550518 0.014271
3.550518 0.014271
3.550518 0.014271
3.550304 0.014270
3.550643 0.014267
3.551181 0.014262
3.551181 0.014262
3.551243 0.014258
3.552395 0.014248
3.552795 0.014249
3.553746 0.014249
3.553746 0.014249
3.554145 0.014247
3.555096 0.014243
3.555234 0.014240
3.555908 0.014239
3.556245 0.014233
3.556995 0.014232
3.556995 0.014232
3.559168 0.014214
3.559168 0.014214
3.559625 0.014212
3.560512 0.014212
3.560512 0.014212
3.562285 0.014207
3.562285 0.014207
3.563171 0.014203
3.563626 0.014201
3.564787 0.014202
3.564787 0.014202
3.564787 0.014202
3.564787 0.014202
3.565397 0.014201
3.565397 0.014201
3.566144 0.014204
3.566204 0.014204
3.566204 0.014204
3.566204 0.014204
3.567148 0.014200
3.568347 0.014186
3.569427 0.014187
3.570095 0.014186
3.570977 0.014189
3.570977 0.014189
3.571448 0.014187
3.571448 0.014187
3.572056 0.014190
3.572056 0.014190
3.572056 0.014190
3.573075 0.014183
3.574348 0.014176
3.575895 0.014168
3.575895 0.014168
3.577187 0.014173
3.577656 0.014171
3.577656 0.014171
3.578673 0.014171
3.579611 0.014175
3.579611 0.014175
3.580548 0.014160
3.580548 0.014160
3.581348 0.014156
3.581816 0.014150
3.582615 0.014153
3.582615 0.014153
3.583082 0.014155
3.583082 0.014155
3.583082 0.014155
3.583687 0.014154
3.583687 0.014154
3.584895 0.014147
3.585499 0.014142
3.585830 0.014143
3.586433 0.014146
3.586433 0.014146
3.587230 0.014138
3.588107 0.014138
3.588846 0.014133
3.588846 0.014133
3.588846 0.014133
3.588846 0.014133
3.589723 0.014129
3.589723 0.014129
3.590245 0.014127
3.590984 0.014123
3.591778 0.014108
3.591778 0.014108
3.591778 0.014108
3.592517 0.014103
3.592517 0.014103
3.594240 0.014095
3.594432 0.014092
3.594270 0.014088
3.594871 0.014090
3.595472 0.014093
3.595472 0.014093
3.595472 0.014093
3.595472 0.014093
3.595472 0.014093
3.597273 0.014081
3.597273 0.014081
3.597465 0.014075
3.598147 0.014070
3.599129 0.014070
3.599129 0.014070
3.599728 0.014069
3.599864 0.014066
3.600599 0.014058
3.600599 0.014058
3.600926 0.014059
3.601987 0.014059
3.602041 0.014056
3.602041 0.014056
3.602911 0.014048
3.603373 0.014046
3.604215 0.014050
3.604676 0.014051
3.604676 0.014051
3.606332 0.014051
3.606332 0.014051
3.606332 0.014051
3.607119 0.014043
3.607172 0.014039
3.607172 0.014039
3.608040 0.014039
3.608040 0.014039
3.609097 0.014032
3.609422 0.014034
3.610206 0.014033
3.610666 0.014027
3.610501 0.014027
3.611232 0.014026
3.611608 0.014020
3.612068 0.014022
3.612851 0.014014
3.613633 0.014014
3.614499 0.014010
3.614499 0.014010
3.614957 0.014011
3.614957 0.014011
3.614957 0.014011
3.614957 0.014011
3.614957 0.014011
3.615416 0.014002
3.616145 0.013998
3.617739 0.013993
3.618248 0.013992
3.618435 0.013985
3.618435 0.013985
3.618758 0.013979
3.619859 0.013969
3.620587 0.013968
3.620774 0.013969
3.621687 0.013962
3.622820 0.013966
3.623682 0.013966
3.623682 0.013966
3.624409 0.013969
3.625591 0.013966
3.625726 0.013963
3.626047 0.013961
3.626047 0.013961
3.626047 0.013961
3.626233 0.013958
3.626688 0.013956
3.628325 0.013952
3.628325 0.013952
3.629640 0.013953
3.629640 0.013953
3.629555 0.013953
3.630144 0.013955
3.630599 0.013950
3.630599 0.013950
3.631323 0.013949
3.631323 0.013949
3.631323 0.013949
3.631323 0.013949
3.632047 0.013937
3.632906 0.013933
3.633495 0.013932
3.633495 0.013932
3.634219 0.013931
3.636339 0.013922
3.636339 0.013922
3.636339 0.013922
3.637332 0.013922
3.638324 0.013919
3.638324 0.013919
3.639499 0.013912
3.640770 0.013910
3.641088 0.013911
3.641088 0.013911
3.641088 0.013911
3.642261 0.013909
3.642261 0.013909
3.642261 0.013909
3.642223 0.013898
3.642405 0.013899
3.643443 0.013896
3.644432 0.013896
3.644432 0.013896
3.644432 0.013896
3.645920 0.013891
3.647675 0.013880
3.647810 0.013877
3.648798 0.013877
3.648798 0.013877
3.649516 0.013880
3.649516 0.013880
3.649516 0.013880
3.649516 0.013880
3.650060 0.013879
3.650195 0.013876
3.650510 0.013877
3.650644 0.013874
3.651409 0.013870
3.652174 0.013869
3.652623 0.013867
3.653253 0.013870
3.653212 0.013866
3.653212 0.013866
3.653124 0.013866
3.653841 0.013865
3.654604 0.013854
3.654604 0.013854
3.654784 0.013851
3.654830 0.013851
3.654877 0.013848
3.654877 0.013848
3.655459 0.013846
3.656489 0.013836
3.656489 0.013836
3.657606 0.013841
3.658053 0.013842
3.658187 0.013839
3.658635 0.013837
3.658635 0.013837
3.659082 0.013836
3.659797 0.013831
3.659797 0.013831
3.659930 0.013828
3.661137 0.013819
3.662030 0.013819
3.662746 0.013811
3.663103 0.013806
3.663816 0.013808
3.663816 0.013808
3.664930 0.013802
3.665286 0.013803
3.665286 0.013803
3.666667 0.013798
3.666667 0.013798
3.667423 0.013791
3.667423 0.013791
3.667912 0.013793
3.668045 0.013790
3.668045 0.013790
3.668890 0.013786
3.670179 0.013787
3.670400 0.013788
3.670400 0.013788
3.671244 0.013788
3.671554 0.013786
3.671908 0.013783
3.673681 0.013776
3.674124 0.013778
3.674124 0.013778
3.675100 0.013775
3.675100 0.013775
3.676075 0.013772
3.676917 0.013771
3.677050 0.013768
3.677668 0.013764
3.677668 0.013764
3.677668 0.013764
3.678110 0.013755
3.678110 0.013755
3.679835 0.013758
3.679835 0.013758
3.679835 0.013758
3.680319 0.013750
3.681159 0.013746
3.681159 0.013746
3.681159 0.013746
3.681159 0.013746
3.681292 0.013743
3.681468 0.013744
3.681468 0.013744
3.681909 0.013738
3.682084 0.013739
3.682084 0.013739
3.682525 0.013734
3.683231 0.013733
3.683231 0.013733
3.685824 0.013709
3.685468 0.013707
3.686124 0.013703
3.687094 0.013696
3.688279 0.013697
3.688585 0.013699
3.688494 0.013698
3.688494 0.013698
3.688801 0.013699
3.688974 0.013697
3.689413 0.013698
3.689413 0.013698
3.689984 0.013697
3.689984 0.013697
3.690688 0.013693
3.690688 0.013693
3.691391 0.013695
3.692929 0.013688
3.694323 0.013676
3.694893 0.013678
3.694974 0.013675
3.696072 0.013679
3.696072 0.013679
3.696072 0.013679
3.696072 0.013679
3.696244 0.013680
3.696946 0.013679
3.696946 0.013679
3.697807 0.013672
3.697939 0.013669
3.698375 0.013671
3.698719 0.013665
3.699459 0.013665
3.699459 0.013665
3.699894 0.013659
3.699894 0.013659
3.700198 0.013657
3.701030 0.013660
3.701030 0.013660
3.702125 0.013654
3.702125 0.013654
3.702125 0.013654
3.702125 0.013654
3.702125 0.013654
3.702428 0.013652
3.703430 0.013649
3.703733 0.013647
3.703904 0.013644
3.704471 0.013643
3.705208 0.013642
3.705208 0.013642
3.705774 0.013638
3.705906 0.013635
3.706472 0.013633
3.706472 0.013633
3.706983 0.013625
3.707323 0.013617
3.708021 0.013619
3.708454 0.013617
3.708454 0.013617
3.709321 0.013611
3.709885 0.013613
3.711409 0.013605
3.711579 0.013602
3.711579 0.013602
3.712839 0.013607
3.712839 0.013607
3.713572 0.013600
3.714135 0.013598
3.714135 0.013598
3.714079 0.013598
3.714117 0.013598
3.714417 0.013599
3.714417 0.013599
3.715112 0.013595
3.716069 0.013599
3.716069 0.013599
3.716069 0.013599
3.716069 0.013599
3.716369 0.013596
3.717006 0.013586
3.717605 0.013575
3.718167 0.013573
3.718729 0.013562
3.719029 0.013557
3.720283 0.013558
3.720283 0.013558
3.720976 0.013560
3.721814 0.013547
3.722637 0.013550
3.722637 0.013550
3.722637 0.013550
3.723627 0.013554
3.723270 0.013552
3.724070 0.013549
3.724368 0.013546
3.724368 0.013546
3.724928 0.013539
3.724928 0.013539
3.726178 0.013537
3.726178 0.013537
3.728153 0.013521
3.729235 0.013518
3.729235 0.013518
3.729924 0.013521
3.731006 0.013521
3.731006 0.013521
3.731006 0.013521
3.731433 0.013523
3.731433 0.013523
3.731730 0.013521
3.732192 0.013519
3.733272 0.013513
3.733272 0.013513
3.733272 0.013513
3.733177 0.013510
3.733603 0.013505
3.734030 0.013503
3.735179 0.013501
3.736127 0.013498
3.736127 0.013498
3.736127 0.013498
3.736588 0.013489
3.736588 0.013489
3.736588 0.013489
3.737144 0.013491
3.737144 0.013491
3.738092 0.013492
3.738092 0.013492
3.738092 0.013492
3.738092 0.013492
3.739987 0.013479
3.740282 0.013480
3.740446 0.013481
3.740446 0.013481
3.741002 0.013483
3.741002 0.013483
3.742209 0.013487
3.742764 0.013476
3.742764 0.013476
3.744983 0.013461
3.746352 0.013460
3.746483 0.013457
3.746516 0.013454
3.746516 0.013454
3.747623 0.013455
3.748243 0.013457
3.748243 0.013457
3.748796 0.013456
3.749089 0.013457
3.749382 0.013452
3.750228 0.013451
3.750130 0.013448
3.751950 0.013441
3.751950 0.013441
3.751950 0.013441
3.752112 0.013442
3.752664 0.013441
3.753216 0.013440
3.752859 0.013438
3.754707 0.013429
3.754707 0.013429
3.754707 0.013429
3.756069 0.013418
3.756490 0.013419
3.756490 0.013419
3.756781 0.013420
3.756781 0.013420
3.757135 0.013422
3.757135 0.013422
3.757945 0.013424
3.758075 0.013422
3.758656 0.013414
3.758656 0.013414
3.758719 0.013411
3.758719 0.013411
3.758719 0.013411
3.759559 0.013405
3.759559 0.013405
3.760368 0.013401
3.760368 0.013401
3.760368 0.013401
3.761208 0.013401
3.761208 0.013401
3.762077 0.013398
3.763045 0.013388
3.763045 0.013388
3.763853 0.013388
3.765239 0.013380
3.765239 0.013380
3.766563 0.013372
3.766563 0.013372
3.767658 0.013360
3.767658 0.013360
3.767460 0.013360
3.768425 0.013357
3.768744 0.013358
3.769420 0.013354
3.770096 0.013357
3.770096 0.013357
3.770255 0.013354
3.770672 0.013349
3.771477 0.013352
3.772281 0.013355
3.772757 0.013353
3.772915 0.013354
3.772915 0.013354
3.772686 0.013353
3.773490 0.013356
3.774581 0.013357
3.775829 0.013352
3.776918 0.013346
3.777849 0.013340
3.777849 0.013340
3.778394 0.013339
3.778394 0.013339
3.778394 0.013339
3.778809 0.013337
3.778809 0.013337
3.779095 0.013335
3.779796 0.013331
3.779825 0.013331
3.780240 0.013326
3.781170 0.013330
3.781170 0.013330
3.781584 0.013331
3.782127 0.013327
3.782155 0.013324
3.782155 0.013324
3.782441 0.013325
3.782441 0.013325
3.783112 0.013321
3.783655 0.013320
3.785282 0.013310
3.785466 0.013310
3.787836 0.013303
3.787992 0.013304
3.788405 0.013305
3.788405 0.013305
3.788405 0.013305
3.788817 0.013303
3.788817 0.013303
3.789744 0.013300
3.789744 0.013300
3.790671 0.013301
3.790799 0.013298
3.791367 0.013294
3.792036 0.013296
3.792320 0.013297
3.793143 0.013288
3.793143 0.013288
3.793143 0.013288
3.793555 0.013286
3.793453 0.013286
3.794405 0.013276
3.795201 0.013273
3.795201 0.013273
3.795201 0.013273
3.796691 0.013272
3.796973 0.013273
3.797769 0.013270
3.797769 0.013270
3.797769 0.013270
3.798692 0.013270
3.798692 0.013270
3.799359 0.013269
3.799359 0.013269
3.799359 0.013269
3.799359 0.013269
3.800590 0.013261
3.801409 0.013258
3.802075 0.013257
3.802638 0.013253
3.802766 0.013250
3.802766 0.013250
3.803048 0.013248
3.803048 0.013248
3.804250 0.013243
3.804557 0.013244
3.804557 0.013244
3.804557 0.013244
3.806270 0.013235
3.806270 0.013235
3.806270 0.013235
3.806423 0.013235
3.806423 0.013235
3.807087 0.013225
3.807623 0.013227
3.809207 0.013214
3.809207 0.013214
3.809207 0.013214
3.810686 0.013204
3.810686 0.013204
3.812165 0.013197
3.813793 0.013200
3.813793 0.013200
3.814072 0.013201
3.814224 0.013198
3.814886 0.013200
3.814805 0.013200
3.815084 0.013201
3.815084 0.013201
3.816256 0.013202
3.816256 0.013202
3.816662 0.013197
3.817451 0.013197
3.818646 0.013195
3.818646 0.013195
3.818924 0.013193
3.819352 0.013191
3.819352 0.013191
3.820013 0.013191
3.820013 0.013191
3.820673 0.013193
3.820800 0.013190
3.820800 0.013190
3.822503 0.013187
3.822630 0.013185
3.822653 0.013185
3.823080 0.013177
3.824825 0.013168
3.824825 0.013168
3.825866 0.013171
3.825993 0.013169
3.825993 0.013169
3.826950 0.013160
3.827608 0.013162
3.827608 0.013162
3.828648 0.013166
3.828648 0.013166
3.828648 0.013166
3.829051 0.013164
3.829051 0.013164
3.829836 0.013164
3.830366 0.013160
3.830493 0.013157
3.831278 0.013160
3.831278 0.013160
3.831278 0.013160
3.831299 0.013157
3.831469 0.013142
3.831745 0.013143
3.831893 0.013144
3.832190 0.013136
3.832592 0.013134
3.832995 0.013136
3.833651 0.013135
3.834201 0.013131
3.834201 0.013131
3.834201 0.013131
3.834730 0.013133
3.835004 0.013131
3.835554 0.013120
3.835681 0.013118
3.836463 0.013112
3.836484 0.013109
3.836758 0.013104
3.837413 0.013103
3.837413 0.013103
3.837814 0.013104
3.837814 0.013104
3.838783 0.013099
3.839057 0.013100
3.839731 0.013096
3.839878 0.013096
3.839878 0.013096
3.839899 0.013097
3.841879 0.013097
3.842405 0.013096
3.842805 0.013097
3.842805 0.013097
3.843224 0.013099
3.843370 0.013099
3.843896 0.013095
3.844042 0.013093
3.844695 0.013092
3.844695 0.013092
3.844695 0.013092
3.845220 0.013082
3.845784 0.013081
3.846601 0.013072
3.846601 0.013072
3.846601 0.013072
3.846999 0.013067
3.847524 0.013066
3.847524 0.013066
3.848971 0.013059
3.848971 0.013059
3.849369 0.013058
3.849640 0.013056
3.849640 0.013056
3.850038 0.013051
3.851193 0.013046
3.852095 0.013046
3.851987 0.013046
3.852548 0.013042
3.852963 0.013040
3.853486 0.013039
3.853757 0.013040
3.853757 0.013040
3.854802 0.013041
3.854802 0.013041
3.855577 0.013040
3.855577 0.013040
3.855577 0.013040
3.855343 0.013039
3.856009 0.013036
3.856675 0.013035
3.857215 0.013028
3.857215 0.013028
3.857862 0.013027
3.857862 0.013027
3.858779 0.013016
3.860073 0.013014
3.861509 0.013013
3.861509 0.013013
3.862047 0.013012
3.862047 0.013012
3.862602 0.013008
3.863122 0.013007
3.863122 0.013007
3.863642 0.013006
3.863642 0.013006
3.863642 0.013006
3.863642 0.013006
3.863785 0.013001
3.863928 0.013001
3.864322 0.013002
3.864322 0.013002
3.865035 0.012993
3.865194 0.012988
3.865730 0.012990
3.865730 0.012990
3.865872 0.012981
3.865889 0.012981
3.866658 0.012984
3.866658 0.012984
3.867428 0.012981
3.867428 0.012981
3.867570 0.012981
3.867979 0.012977
3.869424 0.012970
3.869424 0.012970
3.870066 0.012964
3.870192 0.012961
3.870725 0.012957
3.870491 0.012956
3.870883 0.012958
3.871933 0.012952
3.872482 0.012946
3.873139 0.012945
3.873655 0.012944
3.873655 0.012944
3.874203 0.012943
3.874469 0.012941
3.874469 0.012941
3.875234 0.012940
3.876500 0.012933
3.876625 0.012931
3.877921 0.012929
3.877921 0.012929
3.878701 0.012932
3.878701 0.012932
3.878701 0.012932
3.879091 0.012927
3.879356 0.012928
3.880275 0.012929
3.880664 0.012927
3.880664 0.012927
3.881553 0.012927
3.881817 0.012925
3.882456 0.012927
3.882595 0.012925
3.882595 0.012925
3.882595 0.012925
3.883358 0.012924
3.883358 0.012924
3.883263 0.012924
3.883277 0.012924
3.883541 0.012922
3.883930 0.012921
3.884582 0.012914
3.885219 0.012908
3.886120 0.012899
3.886120 0.012899
3.886383 0.012897
3.886383 0.012897
3.886771 0.012899
3.887671 0.012896
3.887671 0.012896
3.887671 0.012896
3.887948 0.012894
3.888460 0.012893
3.888460 0.012893
3.889857 0.012886
3.891280 0.012871
3.891280 0.012871
3.891280 0.012871
3.891280 0.012871
3.891667 0.012872
3.891805 0.012873
3.892191 0.012868
3.893199 0.012866
3.893199 0.012866
3.893199 0.012866
3.893199 0.012866
3.893199 0.012866
3.893585 0.012867
3.894593 0.012868
3.894593 0.012868
3.894855 0.012868
3.894855 0.012868
3.895365 0.012867
3.895365 0.012867
3.895875 0.012863
3.895875 0.012863
3.896136 0.012864
3.896136 0.012864
3.896646 0.012863
3.896646 0.012863
3.897691 0.012841
3.897691 0.012841
3.898833 0.012839
3.898833 0.012839
3.899342 0.012841
3.899342 0.012841
3.899466 0.012838
3.899975 0.012832
3.901005 0.012827
3.901005 0.012827
3.902133 0.012830
3.902133 0.012830
3.902654 0.012832
3.902542 0.012832
3.902814 0.012833
3.903458 0.012835
3.903741 0.012836
3.903753 0.012836
3.903665 0.012835
3.903925 0.012836
3.903925 0.012836
3.904308 0.012837
3.904962 0.012840
3.904962 0.012840
3.905233 0.012841
3.905233 0.012841
3.905863 0.012843
3.905863 0.012843
3.905875 0.012843
3.905898 0.012843
3.905898 0.012843
3.905898 0.012843
3.905898 0.012843
3.905786 0.012842
3.905551 0.012842
3.905957 0.012843
3.905957 0.012843
3.905733 0.012842
3.905050 0.012840
3.904815 0.012839
3.904962 0.012840
3.904603 0.012838
3.904862 0.012839
3.903969 0.012836
3.903969 0.012836
3.904228 0.012837
3.904228 0.012837
3.904363 0.012838
3.904363 0.012838
3.904363 0.012838
3.903794 0.012836
3.903794 0.012836
3.903448 0.012835
3.901698 0.012829
3.901698 0.012829
3.901698 0.012829
3.901230 0.012827
3.901119 0.012827
3.901008 0.012827
3.901008 0.012827
3.900775 0.012826
3.900664 0.012826
3.899853 0.012823
3.899988 0.012823
3.899988 0.012823
3.899988 0.012823
3.899988 0.012823
3.899631 0.012822
3.899054 0.012820
3.899190 0.012821
3.899190 0.012821
3.896467 0.012812
3.896467 0.012812
3.895660 0.012809
3.895660 0.012809
3.894963 0.012807
3.894963 0.012807
3.894253 0.012804
3.894144 0.012804
3.894144 0.012804
3.894144 0.012804
3.892726 0.012799
3.892385 0.012798
3.892385 0.012798
3.892385 0.012798
3.891323 0.012795
3.890615 0.012792
3.888848 0.012787
3.888617 0.012786
3.888617 0.012786
3.888264 0.012785
3.886025 0.012777
3.886025 0.012777
3.886025 0.012777
3.885334 0.012775
3.882733 0.012767
3.880732 0.012760
3.880029 0.012758
3.878260 0.012752
3.877086 0.012748
3.874741 0.012740
3.874741 0.012740
3.873449 0.012736
3.872628 0.012733
3.872278 0.012732
3.870289 0.012726
3.868060 0.012718
3.867242 0.012716
3.863609 0.012704
3.863261 0.012703
3.862914 0.012701
3.857074 0.012682
3.857074 0.012682
