0.001000 0.000000
0.023781 0.023781
0.033870 0.033870
0.038936 0.038936
0.039196 0.039196
0.045025 0.045025
0.052151 0.052151
0.055534 0.055534
0.055536 0.055536
0.059583 0.059583
0.063674 0.063674
0.067464 0.067464
0.064847 0.064847
0.068765 0.068765
0.071410 0.071410
0.079582 0.074608
0.135266 0.119352
0.144231 0.120192
0.190698 0.143023
0.231818 0.165584
0.280000 0.175000
0.303965 0.182379
0.320175 0.192105
0.367521 0.204179
0.381356 0.204298
0.427386 0.221062
0.452675 0.226337
0.479675 0.232101
0.489879 0.229631
0.500000 0.234375
0.504032 0.229106
0.565891 0.242525
0.573077 0.245604
0.591603 0.239839
0.620301 0.244856
0.632959 0.243446
0.636704 0.238764
0.694853 0.254214
0.694853 0.254214
0.703297 0.245336
0.755396 0.257521
0.767025 0.255675
0.770609 0.251286
0.778571 0.253882
0.810526 0.253289
0.831034 0.254398
0.838488 0.256680
0.857143 0.252101
0.867797 0.250326
0.892617 0.247949
0.910299 0.248263
0.947712 0.253852
0.957792 0.256551
0.961290 0.252971
0.967846 0.254696
0.971246 0.251184
0.984076 0.246019
1.043750 0.252520
1.043750 0.252520
1.052795 0.250665
1.055901 0.247477
1.082317 0.249765
1.088146 0.247306
1.102719 0.246877
1.120120 0.243504
1.137313 0.243710
1.151335 0.243240
1.159763 0.241617
1.180758 0.245991
1.183140 0.243111
1.199422 0.243126
1.225714 0.241917
1.225714 0.241917
1.235795 0.237653
1.245070 0.236406
1.259053 0.236072
1.279006 0.233964
1.301370 0.235187
1.311475 0.234192
1.318801 0.235500
1.337838 0.233344
1.357527 0.234056
1.357527 0.234056
1.369973 0.230894
1.382353 0.230392
1.392000 0.232000
1.398936 0.233156
1.412698 0.230331
1.434211 0.228863
1.455497 0.229815
1.476562 0.230713
1.493506 0.230955
1.493506 0.230955
1.493506 0.230955
1.509044 0.226357
1.521851 0.226017
1.525641 0.226580
1.547074 0.225302
1.556962 0.224562
1.559194 0.224884
1.576060 0.223027
1.581683 0.221731
1.582716 0.221876
1.607317 0.221190
1.607317 0.221190
1.615012 0.218245
1.624096 0.217513
1.629808 0.216346
1.641148 0.215941
1.641148 0.215941
1.662736 0.216879
1.662736 0.216879
1.661972 0.216779
1.666667 0.211864
1.690531 0.209570
1.690531 0.209570
1.709382 0.208461
1.719818 0.208042
1.720455 0.206455
1.727891 0.207347
1.737079 0.206795
1.737079 0.206795
1.750557 0.203553
1.777042 0.205043
1.784141 0.205862
1.784141 0.205862
1.791667 0.205153
1.791667 0.205153
1.799127 0.201395
1.799127 0.201395
1.808696 0.199488
1.838710 0.199860
1.847639 0.200830
1.852248 0.199883
1.859275 0.200641
1.861702 0.199468
1.864407 0.199758
1.877895 0.196982
1.877895 0.196982
1.897490 0.196292
1.899791 0.196530
1.901879 0.195399
1.917012 0.192988
1.919255 0.193214
1.940452 0.192760
1.940574 0.192772
1.948980 0.191076
1.949084 0.189846
1.955466 0.190467
1.967936 0.189225
1.970060 0.189429
1.976096 0.187604
1.976096 0.187604
1.986193 0.186206
1.992126 0.185602
1.992141 0.185603
1.996101 0.184824
2.001946 0.184228
2.009615 0.182692
2.009615 0.182692
2.011516 0.182865
2.026616 0.180948
2.026616 0.180948
2.032258 0.180378
2.047170 0.180633
2.054511 0.179172
2.058161 0.179491
2.060038 0.178616
2.063670 0.176886
2.071028 0.175511
2.092593 0.176342
2.102941 0.176224
2.110092 0.175841
2.113553 0.176129
2.115174 0.175291
2.115174 0.175291
2.118613 0.174611
2.123862 0.174087
2.134058 0.173972
2.142599 0.173724
2.145946 0.173060
2.149281 0.172402
2.157424 0.171224
2.157143 0.171202
2.170213 0.169548
2.178761 0.170216
2.183422 0.169696
2.191901 0.169477
2.195079 0.168852
2.208406 0.167304
2.224739 0.167694
2.224739 0.167694
2.230903 0.168159
2.230903 0.168159
2.232236 0.168259
2.244828 0.165874
2.244828 0.165874
2.275685 0.165705
2.275685 0.165705
2.276923 0.165795
2.287905 0.164993
2.287905 0.164993
2.289116 0.165080
2.294915 0.163923
2.298986 0.164213
2.303541 0.164539
2.313758 0.162179
2.313758 0.162179
2.330551 0.161844
2.336667 0.162269
2.344426 0.161314
2.348837 0.160879
2.356551 0.160674
2.358209 0.160059
2.362583 0.159634
2.378913 0.160017
2.393443 0.160275
2.400982 0.159357
2.405229 0.158936
2.414356 0.158839
2.414356 0.158839
2.420195 0.159223
2.421824 0.158635
2.426016 0.158218
2.437601 0.158286
2.440129 0.158450
2.446774 0.158197
2.446774 0.158197
2.446055 0.157471
2.455128 0.155388
2.468153 0.155556
2.472178 0.155158
2.477848 0.154866
2.477093 0.154176
2.479495 0.154325
2.479495 0.154325
2.503900 0.152677
2.503900 0.152677
2.503900 0.152677
2.511664 0.152530
2.511664 0.152530
2.517829 0.152288
2.522411 0.151952
2.530046 0.151803
2.530046 0.151803
2.534562 0.150867
2.536810 0.151001
2.537519 0.150446
2.541284 0.149487
2.559091 0.148210
2.564297 0.148511
2.567976 0.148724
2.571644 0.148364
2.573795 0.148488
2.578947 0.148215
2.578078 0.148165
2.585949 0.147488
2.590164 0.147168
2.590164 0.147168
2.595840 0.145834
2.600890 0.145572
2.618907 0.145495
2.623894 0.145234
2.631811 0.145137
2.633284 0.144686
2.633284 0.144686
2.633824 0.144716
2.645681 0.143268
2.651095 0.143561
2.650655 0.143021
2.655523 0.143284
2.662338 0.143136
2.662338 0.143136
2.664748 0.142754
2.668580 0.142451
2.668580 0.142451
2.670959 0.142072
2.674286 0.142249
2.674286 0.142249
2.676638 0.141871
2.677557 0.141420
2.674221 0.140748
2.676096 0.140355
2.691445 0.137787
2.691445 0.137787
2.701950 0.137855
2.707928 0.137691
2.716066 0.137639
2.716066 0.137639
2.716066 0.137639
2.722376 0.137032
2.722376 0.137032
2.725517 0.136276
2.726272 0.136314
2.730769 0.136085
2.731874 0.135689
2.744218 0.134520
2.743207 0.134471
2.752033 0.134028
2.763833 0.133734
2.763833 0.133734
2.769852 0.134025
2.771198 0.133659
2.775538 0.133439
2.777181 0.133518
2.778820 0.133170
2.787149 0.132301
2.790667 0.132468
2.790667 0.132468
2.794940 0.132253
2.799469 0.132467
2.802649 0.131786
2.805556 0.131923
2.812912 0.131036
2.812912 0.131036
2.818660 0.130494
2.821522 0.130626
2.827225 0.130087
2.830065 0.130218
2.830065 0.130218
2.832898 0.129553
2.844358 0.129289
2.847150 0.129416
2.849935 0.129543
2.851421 0.129218
2.851613 0.129227
2.851613 0.129227
2.852185 0.128477
2.852185 0.128477
2.861893 0.127007
2.862069 0.126640
2.883249 0.126458
2.891139 0.126435
2.891139 0.126435
2.897598 0.126349
2.901515 0.126520
2.901515 0.126520
2.905422 0.126690
2.905422 0.126690
2.910692 0.125822
2.910692 0.125822
2.912060 0.125882
2.917189 0.125741
2.917189 0.125741
2.926342 0.123998
2.926342 0.123998
2.935243 0.123330
2.952970 0.123383
2.959209 0.123644
2.961728 0.123405
2.961728 0.123405
2.967980 0.123323
2.969212 0.123034
2.970480 0.123086
2.976687 0.122666
2.982864 0.122583
2.990220 0.122550
2.990220 0.122550
3.000000 0.121951
3.000000 0.121951
3.004872 0.121819
3.004872 0.121819
3.004872 0.121819
3.008516 0.121638
3.010922 0.121408
3.015719 0.121276
3.016908 0.120999
3.021687 0.120226
3.025271 0.120050
3.026474 0.119781
3.037081 0.119570
3.041766 0.119755
3.047619 0.119671
3.047619 0.119671
3.047562 0.119669
3.053444 0.118965
3.053444 0.118965
3.058057 0.118836
3.057988 0.118834
3.066038 0.118532
3.067217 0.118273
3.069494 0.118361
3.069494 0.118361
3.079812 0.117850
3.086651 0.117811
3.086651 0.117811
3.087822 0.117557
3.089953 0.117044
3.094406 0.117212
3.094186 0.116909
3.094186 0.116909
3.101852 0.115741
3.117512 0.115749
3.124281 0.116001
3.125432 0.115757
3.128736 0.115594
3.128736 0.115594
3.134328 0.115516
3.134174 0.115510
3.134174 0.115510
3.137457 0.115631
3.137457 0.115631
3.138286 0.115378
3.138286 0.115378
3.137656 0.114235
3.139773 0.114312
3.148649 0.113261
3.154106 0.113186
3.154106 0.113186
3.161616 0.112380
3.168161 0.112612
3.168161 0.112612
3.172260 0.112758
3.176536 0.112643
3.176536 0.112643
3.179688 0.112489
3.179688 0.112489
3.190211 0.112068
3.196667 0.112033
3.196667 0.112033
3.201998 0.112220
3.203991 0.112028
3.203991 0.112028
3.207087 0.111875
3.212155 0.111792
3.212155 0.111792
3.216097 0.111412
3.216960 0.111442
3.220022 0.110781
3.220022 0.110781
3.233042 0.110217
3.236900 0.110349
3.236900 0.110349
3.237991 0.110136
3.246471 0.109678
3.246471 0.109678
3.252438 0.109142
3.252438 0.109142
3.254054 0.109196
3.258621 0.108863
3.258621 0.108863
3.258621 0.108863
3.261572 0.108719
3.261290 0.108469
3.278075 0.108068
3.278075 0.108068
3.283120 0.107526
3.286019 0.107621
3.296809 0.107271
3.296809 0.107271
3.301807 0.107434
3.301807 0.107434
3.307856 0.106935
3.308590 0.106959
3.313559 0.106889
3.314619 0.106694
3.315678 0.106499
3.320635 0.106204
3.325238 0.106351
3.331224 0.106542
3.337539 0.106291
3.338235 0.106313
3.341719 0.106424
3.345188 0.106084
3.345188 0.106084
3.345188 0.106084
3.345188 0.106084
3.357292 0.105354
3.358333 0.105167
3.363163 0.105099
3.363163 0.105099
3.363163 0.105099
3.364865 0.104933
3.371369 0.104701
3.379132 0.104509
3.379132 0.104509
3.382869 0.104625
3.382869 0.104625
3.382474 0.104397
3.383110 0.103989
3.401840 0.103295
3.401840 0.103295
3.402451 0.103313
3.408767 0.103296
3.408767 0.103296
3.409369 0.103314
3.408952 0.103302
3.408952 0.103302
3.412602 0.103204
3.411765 0.103178
3.414980 0.102861
3.414980 0.102861
3.416582 0.102497
3.419192 0.102576
3.419192 0.102576
3.424975 0.102136
3.434739 0.101419
3.438315 0.101525
3.439880 0.101571
3.443443 0.101676
3.446000 0.101552
3.450549 0.101090
3.450549 0.101090
3.450549 0.101090
3.453639 0.101181
3.458250 0.100922
3.458250 0.100922
3.460775 0.100799
3.464286 0.100511
3.469368 0.100271
3.471866 0.100150
3.471866 0.100150
3.474359 0.100030
3.474359 0.100030
3.488714 0.098924
3.495593 0.099119
3.499022 0.099029
3.499022 0.099029
3.499022 0.099029
3.506341 0.098863
3.509747 0.098959
3.509747 0.098959
3.511198 0.099000
3.513120 0.099054
3.515534 0.098936
3.515534 0.098936
3.519380 0.098490
3.522749 0.098401
3.528046 0.098366
3.528046 0.098366
3.530435 0.098250
3.534749 0.098187
3.534749 0.098187
3.538091 0.098099
3.538091 0.098099
3.539499 0.097957
3.540905 0.097996
3.544669 0.097381
3.551724 0.097042
3.551724 0.097042
3.557252 0.096840
3.560534 0.096754
3.560837 0.096762
3.561254 0.096598
3.561670 0.096609
3.567108 0.096235
3.567108 0.096235
3.566572 0.096220
3.566572 0.096220
3.566572 0.096220
3.568332 0.096095
3.569144 0.095773
3.569144 0.095773
3.577320 0.095141
3.579588 0.095033
3.579588 0.095033
3.584112 0.094818
3.588235 0.094593
3.596279 0.094473
3.598513 0.094367
3.602600 0.094309
3.602968 0.094319
3.607044 0.094097
3.610185 0.094179
3.610185 0.094179
3.616451 0.094178
3.616451 0.094178
3.621422 0.094144
3.627650 0.093981
3.627650 0.093981
3.630755 0.094061
3.630755 0.094061
3.632935 0.093955
3.635110 0.093688
3.638200 0.093607
3.638200 0.093607
3.642202 0.093390
3.642202 0.093390
3.643446 0.093262
3.650823 0.092975
3.650823 0.092975
3.654197 0.092903
3.658781 0.092862
3.660909 0.092760
3.664850 0.092547
3.666969 0.092600
3.666969 0.092600
3.671196 0.092551
3.675113 0.092031
3.675113 0.092031
3.678410 0.092114
3.678410 0.092114
3.679892 0.091997
3.680180 0.092005
3.682268 0.091904
3.682554 0.091911
3.684305 0.091649
3.685765 0.091383
3.685765 0.091383
3.693131 0.090964
3.699020 0.090514
3.699020 0.090514
3.699020 0.090514
3.701068 0.090417
3.704263 0.090348
3.713020 0.090122
3.713020 0.090122
3.717949 0.090241
3.717949 0.090241
3.723742 0.089945
3.723986 0.089951
3.725991 0.089855
3.728873 0.089780
3.728873 0.089780
3.731107 0.089547
3.732221 0.089573
3.732456 0.089436
3.736196 0.089240
3.736196 0.089240
3.744978 0.089308
3.748691 0.089113
3.752398 0.088919
3.752398 0.088919
3.756969 0.088608
3.756969 0.088608
3.762609 0.088601
3.762609 0.088601
3.765421 0.088529
3.769097 0.088476
3.771899 0.088542
3.772964 0.088567
3.777682 0.088264
3.780467 0.088054
3.783247 0.088119
3.783247 0.088119
3.786022 0.088047
3.787069 0.088071
3.795357 0.087720
3.795357 0.087720
3.798110 0.087649
3.802744 0.087486
3.802744 0.087486
3.803770 0.087510
3.807363 0.087459
3.807363 0.087459
3.805817 0.087289
3.808348 0.087214
3.809524 0.086975
3.814783 0.086700
3.821883 0.086468
3.822731 0.086357
3.825424 0.086418
3.831499 0.086295
3.834179 0.086355
3.834179 0.086355
3.834179 0.086355
3.839391 0.086343
3.839391 0.086343
3.839391 0.086343
3.843038 0.086167
3.849200 0.086048
3.849200 0.086048
3.862301 0.086084
3.862301 0.086084
3.862301 0.086084
3.862301 0.086084
3.864094 0.085869
3.864208 0.085871
3.864435 0.085876
3.864435 0.085876
3.864435 0.085876
3.866332 0.085287
3.869892 0.085115
3.876040 0.085125
3.877805 0.085040
3.882890 0.084656
3.886401 0.084733
3.886401 0.084733
3.892384 0.084617
3.894955 0.084673
3.894955 0.084673
3.899174 0.084765
3.899174 0.084765
3.899174 0.084765
3.901896 0.084579
3.901153 0.084563
3.901316 0.084566
3.901316 0.084566
3.901316 0.084566
3.898932 0.084514
3.890254 0.084326
3.887889 0.084275
3.865041 0.083780
